7449	50	77	75	60	20	95	33	53	38	53	77	78	41	11	24	88	52	9	67	55	86	50	92	42	63	43	77	10	86	3	42	20	9	16	38	64	46	5	96	16	85	13	80	74	89	24	83	21	63	49	39	65	4	36	72	12	43	45	58	20	83	96	20	86	38	34	40	13	58	40	97	48	35	63	85	24	97	24	58	90	79	49	59	27	65	7	26	8	34	13	93	52	13	53	93	16	76	97	19	22	65	37	57	46	92	47	43	61	30	39	15	18	93	28	86	41	48	47	60	6	68	99	13	11	94	68	97	25	31	48	61	16	50	27	35	29	89	29	64	20	63	65	60	86	56	92	5	56	13	
47	6930	77	39	36	68	28	7	36	22	0	47	43	27	13	77	22	6	85	17	6	82	52	66	31	65	48	24	52	56	28	34	3	89	86	85	28	76	90	29	85	74	10	5	61	90	63	53	17	48	5	7	50	34	29	35	72	48	9	60	47	32	10	10	40	43	46	5	82	23	37	93	57	38	85	16	62	21	51	86	53	44	95	39	60	69	71	62	65	55	44	48	33	17	50	82	10	3	6	15	6	40	0	25	0	25	73	51	84	73	45	36	98	77	1	38	24	54	1	8	57	93	16	56	72	86	52	27	68	96	72	48	95	32	91	52	66	8	87	70	45	74	53	98	28	20	31	10	45	66	
30	3	6679	18	64	78	52	33	26	39	75	50	50	98	10	67	94	75	82	66	10	22	55	32	70	51	37	84	76	16	85	38	18	24	24	37	68	52	71	52	21	51	79	4	18	20	27	26	43	51	0	47	93	75	61	13	43	10	15	24	9	17	34	45	26	80	21	21	48	14	38	49	22	0	45	60	65	11	43	51	19	21	38	88	88	52	7	41	41	59	67	39	95	12	78	76	76	67	93	46	33	7	22	41	35	54	93	8	17	16	25	95	42	50	63	51	83	20	50	39	25	80	92	50	36	53	52	12	22	48	37	53	65	57	66	55	2	16	6	96	20	94	13	64	32	38	32	20	79	33	
39	81	61	7040	35	51	44	69	76	15	28	36	5	5	78	54	63	30	60	53	34	65	63	24	1	42	89	92	41	58	97	86	21	66	64	31	5	71	8	48	4	38	44	4	66	26	3	12	86	23	96	65	96	60	53	46	98	54	74	84	56	54	73	62	10	68	80	33	61	14	90	14	9	77	70	38	57	87	52	38	51	84	69	27	49	60	21	42	28	17	71	3	5	49	41	99	5	76	76	93	69	11	22	67	17	47	18	32	29	27	65	4	98	51	30	82	54	75	39	81	2	16	58	38	14	41	0	57	86	72	17	62	20	10	20	14	99	28	2	2	94	68	1	23	47	59	65	31	34	92	
43	80	61	20	7467	13	9	36	71	46	10	11	57	3	39	20	4	68	36	72	19	93	13	73	51	95	8	96	65	41	47	24	11	99	2	41	47	90	80	55	46	20	72	62	45	33	10	13	24	18	15	17	80	61	49	81	47	17	99	49	65	55	92	35	9	42	50	76	16	91	0	82	98	88	76	49	87	86	83	76	71	88	78	94	73	26	78	9	11	66	30	50	39	17	31	25	6	69	48	19	54	30	96	65	82	11	69	18	34	34	2	37	80	59	35	60	41	48	19	97	57	72	98	67	82	30	48	32	74	85	42	28	30	10	76	99	26	24	30	19	63	78	59	80	96	25	27	50	20	80	
69	31	82	67	34	7487	91	8	80	60	5	71	72	79	32	64	38	3	43	41	5	70	13	95	41	35	92	30	58	3	69	49	36	89	45	34	89	45	90	93	51	53	93	79	83	87	58	0	52	89	60	81	0	46	28	32	39	24	12	21	26	6	24	18	31	32	63	25	74	13	18	68	75	80	85	38	0	30	11	40	34	67	16	58	95	3	5	75	88	59	43	2	88	36	48	91	38	63	79	2	31	6	52	14	5	78	2	88	97	81	8	56	28	30	58	84	88	82	94	81	46	49	95	15	57	90	41	33	61	27	81	55	76	45	6	57	13	90	3	33	84	64	63	69	30	77	15	99	41	75	
84	62	6	52	62	76	7720	27	18	92	44	70	78	59	33	15	43	23	33	65	77	74	30	83	45	59	81	26	79	27	1	90	38	71	17	8	81	95	52	99	75	38	41	25	93	67	36	47	67	15	31	71	56	87	88	36	5	85	90	7	97	82	5	29	10	95	79	73	7	32	73	36	49	0	19	34	58	23	7	62	68	84	83	85	38	7	65	87	82	30	91	86	91	82	51	43	83	8	92	98	40	76	17	50	94	26	17	97	28	88	60	49	8	16	94	15	92	26	22	27	26	7	44	40	66	38	98	85	91	3	31	48	15	19	32	82	20	20	20	63	55	90	31	92	58	13	43	14	16	67	
76	67	44	86	52	27	64	7368	2	49	28	48	98	30	53	96	31	49	6	16	55	59	97	11	69	74	68	19	13	7	95	74	51	88	56	61	18	40	46	72	2	53	51	32	0	84	78	70	25	87	24	68	42	60	44	53	54	96	24	13	88	34	10	2	91	16	81	84	79	43	69	4	58	15	24	15	54	41	93	49	57	21	5	12	35	74	37	97	82	8	43	30	60	87	80	69	4	33	41	80	90	34	92	37	0	31	54	36	37	61	3	75	78	86	66	61	62	85	50	74	50	50	43	10	60	68	77	83	87	30	13	81	11	47	77	16	59	13	3	72	0	9	48	88	32	36	7	99	59	9	
40	12	38	93	36	32	0	8	7341	66	19	57	58	55	44	50	76	52	85	13	78	80	43	72	13	95	38	84	85	7	58	58	44	59	72	17	65	65	11	54	75	68	24	88	55	41	27	49	42	97	23	52	47	52	24	55	6	72	76	72	20	97	49	86	86	68	72	55	60	58	60	63	57	38	53	76	29	65	23	40	62	41	52	74	47	4	8	12	6	58	14	1	43	69	92	2	29	17	66	39	26	55	5	51	94	90	30	75	40	8	60	63	11	88	10	50	53	72	56	65	13	14	0	17	35	72	32	32	26	73	71	48	42	80	37	74	14	63	95	26	87	20	66	64	49	39	86	39	45	33	
68	53	91	67	21	84	65	46	34	7504	4	49	87	61	34	44	23	70	93	0	25	47	40	1	86	33	25	21	18	49	10	60	46	71	41	57	69	85	89	76	73	33	35	46	76	74	28	14	92	6	41	17	84	35	5	89	44	75	34	97	87	58	71	60	62	42	4	67	0	43	90	32	16	34	21	56	23	18	55	35	43	53	66	67	38	8	77	90	59	42	87	20	30	47	97	76	50	92	21	73	76	65	66	53	1	33	78	89	24	65	13	60	77	3	53	48	9	61	19	24	19	27	95	73	18	58	10	91	44	41	91	68	43	71	56	10	34	70	51	72	58	30	85	39	65	6	80	78	67	36	
52	47	82	2	23	45	11	49	57	81	7519	74	94	2	51	77	45	92	4	11	44	62	70	28	57	81	32	93	91	41	6	14	56	73	78	9	52	17	63	91	57	69	3	27	9	73	3	60	93	55	88	26	99	88	80	12	62	31	45	60	69	11	61	23	25	95	47	83	59	67	49	30	41	88	7	1	83	28	67	77	58	39	1	56	40	44	97	84	39	32	30	79	74	8	57	54	12	46	78	80	24	79	11	1	24	86	95	40	42	26	24	80	40	95	40	62	55	90	32	36	66	64	66	76	88	22	97	32	35	98	19	56	11	56	94	89	18	10	6	53	53	80	26	2	43	81	0	91	16	6	
41	25	47	55	38	38	87	54	92	44	59	7496	28	96	88	20	17	71	49	5	39	72	58	68	82	31	87	26	92	43	59	71	46	27	69	86	50	68	0	76	50	22	5	93	3	7	85	21	25	60	95	43	30	98	76	18	41	4	10	94	72	68	34	98	11	15	89	45	55	5	37	17	63	16	15	38	90	88	76	97	93	95	8	33	50	17	42	86	10	27	14	63	99	79	39	27	76	67	37	36	57	59	29	76	34	8	74	81	52	63	45	59	18	85	16	11	52	96	12	21	33	94	34	90	5	41	66	3	22	26	7	59	57	53	98	87	47	45	34	22	53	40	59	91	3	74	86	68	51	51	
14	94	2	44	18	83	68	26	50	13	32	3	7112	49	27	46	95	95	3	87	48	13	44	8	86	0	35	87	21	88	79	66	27	30	48	14	48	84	25	53	96	51	93	31	34	91	6	98	51	80	26	57	7	53	77	2	76	38	6	28	9	2	26	99	0	48	22	25	7	24	25	97	7	90	13	30	35	35	24	66	48	89	94	39	5	16	29	34	32	88	29	14	65	89	89	36	46	72	86	89	76	48	98	31	30	25	32	43	95	92	70	14	49	47	11	66	67	78	70	20	35	70	38	60	76	77	12	1	49	35	62	57	31	59	22	47	47	97	86	19	64	2	12	25	63	60	89	75	48	40	
96	40	13	7	81	23	87	24	37	4	80	44	51	7323	89	87	88	14	56	11	74	47	69	71	37	69	79	64	3	21	65	7	13	40	24	67	28	6	70	31	73	44	99	19	93	72	67	7	20	1	0	43	96	47	90	45	40	88	32	12	25	89	45	23	49	38	55	22	22	20	70	94	29	44	24	74	76	60	16	37	61	41	37	15	72	49	56	84	43	16	28	2	20	74	32	29	30	11	71	71	23	49	60	86	73	53	4	67	96	32	16	85	80	85	53	93	64	68	87	86	78	88	50	4	35	92	43	9	37	7	46	80	91	34	39	98	29	59	95	81	21	83	83	6	1	50	47	10	34	6	
1	92	81	62	88	55	80	54	59	70	85	3	48	58	7382	71	65	73	93	31	36	18	27	22	38	36	99	92	63	15	23	34	88	23	42	37	20	0	2	99	91	48	73	71	3	55	59	45	77	0	59	62	16	61	8	69	4	12	98	77	15	43	72	29	94	93	0	30	70	62	45	80	1	13	13	60	77	23	3	80	37	59	66	43	5	92	91	50	4	83	91	35	93	21	29	17	81	11	82	69	36	0	50	56	65	91	82	57	63	34	75	56	97	86	2	78	84	56	64	27	27	15	27	42	95	95	57	59	24	5	29	99	16	12	88	15	11	27	35	30	55	32	2	13	57	37	58	84	67	1	
51	35	65	62	52	12	39	49	11	83	58	53	39	41	96	7802	42	47	89	30	56	46	97	4	56	1	19	99	84	67	78	57	2	81	77	27	67	35	38	16	55	30	72	41	53	7	25	14	80	97	61	67	22	28	44	90	48	61	30	0	19	32	77	43	89	29	46	27	30	58	8	31	37	25	33	54	54	42	3	25	70	34	82	91	65	58	94	60	82	85	80	42	67	71	88	13	83	96	54	73	98	4	5	90	96	72	50	91	61	74	5	77	78	80	45	50	59	26	3	37	76	37	74	81	26	62	72	14	16	8	35	18	70	61	84	76	0	59	19	97	74	63	13	60	34	73	95	99	98	22	
70	17	29	32	76	32	15	93	8	13	15	46	22	94	17	74	6814	46	91	20	51	5	33	41	83	30	99	29	35	82	64	2	62	10	89	93	31	3	5	18	87	29	39	95	52	58	60	39	62	25	18	52	46	75	76	42	17	48	96	34	29	21	74	20	78	97	62	87	92	33	35	85	32	48	62	9	48	99	11	79	19	54	9	37	77	51	16	36	51	38	78	13	58	77	3	52	2	41	38	92	72	61	83	32	15	79	74	70	59	64	84	30	55	15	17	49	49	13	41	51	40	40	83	57	9	17	3	35	77	6	27	9	66	40	84	4	63	29	17	44	41	10	0	68	39	82	4	13	74	18	
78	54	24	90	11	7	22	90	45	72	13	19	26	36	33	10	81	7005	98	82	20	57	39	40	64	71	27	56	9	3	1	63	51	93	20	31	39	20	83	47	94	78	13	56	47	90	44	97	11	56	15	73	38	44	1	86	35	66	12	0	72	29	7	31	4	78	23	22	57	19	4	88	93	43	50	88	99	9	62	81	82	13	3	14	26	46	88	88	97	72	31	51	20	87	62	65	74	89	86	23	69	21	33	28	64	9	1	25	95	77	13	62	13	56	46	73	95	13	2	88	66	22	7	71	91	50	0	12	0	61	24	14	98	13	31	80	57	70	32	50	68	57	44	72	65	0	24	38	46	72	
68	34	76	53	3	46	33	4	55	96	23	81	55	53	24	1	86	65	8003	74	31	35	17	72	79	34	85	46	9	0	89	57	38	24	81	48	75	29	25	99	44	40	59	29	22	66	25	60	91	80	50	84	88	3	67	95	79	84	8	47	6	95	37	28	8	65	78	64	27	40	22	88	58	82	75	1	75	85	25	35	71	66	18	48	21	63	88	56	36	50	21	92	93	23	63	92	21	89	98	33	19	62	59	19	76	76	74	92	86	46	43	30	71	22	73	81	10	26	39	75	47	38	3	71	87	66	56	76	17	96	62	52	91	68	49	21	44	10	42	58	80	36	69	97	93	17	99	60	87	25	
53	70	86	55	38	18	18	43	53	4	26	82	8	63	50	75	97	41	78	7356	84	95	1	36	65	14	59	6	19	0	44	89	65	35	75	36	77	99	68	93	74	54	18	25	90	75	84	62	95	7	42	35	81	52	99	50	73	71	56	87	93	77	19	41	35	0	17	95	62	27	88	17	67	71	50	19	73	47	2	9	79	86	36	91	57	88	47	59	5	35	20	1	7	63	10	22	96	23	64	40	99	45	34	0	40	27	68	81	33	48	20	57	54	87	26	50	81	22	12	14	58	77	66	58	83	52	92	59	91	27	67	34	20	12	18	30	10	90	25	19	6	96	9	53	3	12	85	54	16	21	
80	6	31	48	94	4	53	30	21	44	3	19	66	19	74	71	74	76	96	5	7063	21	93	94	50	23	70	88	35	54	3	1	89	36	32	52	38	46	59	41	47	92	5	12	79	86	54	79	5	78	78	99	37	5	53	83	44	84	65	13	18	48	67	92	20	9	48	3	38	86	8	94	86	9	88	42	46	4	23	44	66	37	70	32	86	42	42	40	70	8	2	42	50	45	93	5	53	71	74	97	5	87	26	12	61	90	72	9	90	18	75	23	14	16	70	37	13	17	6	48	5	91	47	92	5	89	80	40	81	5	80	29	36	13	48	38	69	68	73	17	64	3	45	27	40	23	40	76	13	37	
77	64	71	70	51	76	16	6	49	68	44	93	69	86	88	97	35	14	93	43	69	7795	91	21	54	49	15	14	85	4	74	0	81	40	38	69	75	53	59	2	7	85	99	78	19	4	29	43	84	39	20	34	74	20	14	39	18	81	23	50	6	27	92	1	5	96	88	14	60	76	45	9	40	45	22	61	88	25	52	37	57	97	54	58	80	91	29	51	24	51	23	46	77	81	88	89	41	73	27	0	33	17	63	21	94	35	13	35	84	46	95	47	6	47	41	99	99	99	55	26	28	51	36	93	80	91	81	26	41	47	13	58	31	63	96	79	1	80	85	96	22	51	96	89	74	54	43	70	19	49	
10	38	11	65	51	93	36	24	51	4	41	77	86	54	66	20	75	15	84	57	1	52	7236	86	63	91	25	64	81	59	68	25	72	18	68	50	75	37	89	28	88	87	48	60	11	10	31	11	50	7	18	65	72	24	39	90	17	35	77	18	77	76	73	49	24	15	37	52	27	63	41	97	10	62	67	53	61	75	90	34	90	36	66	86	34	31	46	94	47	43	62	99	39	34	7	41	63	98	0	1	26	33	49	35	71	93	43	52	96	60	62	20	0	15	86	11	44	29	17	16	65	35	43	15	6	29	71	96	35	23	85	12	60	37	21	71	40	92	23	5	40	82	92	93	1	40	39	40	53	50	
32	68	86	88	12	85	61	20	33	2	30	25	74	18	40	56	60	37	95	64	65	17	93	7795	70	96	31	64	54	16	89	29	45	30	22	43	88	86	33	36	39	39	83	64	89	18	78	47	90	99	53	97	67	20	49	60	98	0	59	70	44	51	52	19	23	12	57	57	15	80	55	56	87	5	61	13	72	45	51	73	42	40	75	59	92	35	6	6	53	83	82	12	10	77	73	36	26	23	92	89	43	6	33	42	51	10	65	97	11	83	66	75	23	62	21	62	58	51	27	98	72	60	42	80	69	42	97	48	79	53	79	37	2	2	48	82	67	77	84	43	79	49	69	48	69	11	71	25	39	21	
64	17	94	4	42	43	97	0	80	97	40	58	73	67	3	83	83	93	78	55	24	23	57	70	7583	81	53	88	73	11	31	21	27	83	35	20	71	39	56	61	16	92	75	56	78	55	13	24	14	55	1	41	83	67	89	18	46	82	67	30	41	0	67	33	67	23	10	57	83	2	66	70	91	72	93	50	4	65	96	61	99	4	50	57	5	84	91	33	50	60	80	31	2	76	43	54	86	19	31	9	65	94	40	41	6	6	16	77	14	37	88	51	53	53	45	66	81	21	41	70	50	0	6	20	71	19	77	23	45	50	94	50	14	86	88	35	13	90	79	50	76	91	21	58	48	76	54	89	13	6	
55	93	45	36	9	5	19	51	26	95	85	40	9	98	58	23	12	23	82	98	80	32	92	92	78	7548	75	61	98	38	44	97	82	88	99	46	62	64	50	11	9	78	58	27	70	27	75	85	67	4	0	41	22	31	51	31	15	40	82	66	21	38	50	56	84	98	62	28	30	87	59	4	61	58	31	64	68	56	72	19	34	17	27	56	87	64	52	99	72	0	56	18	69	1	20	34	61	44	31	54	86	83	7	42	70	60	28	7	25	71	2	95	15	10	4	75	76	29	64	61	58	66	81	15	8	22	58	39	17	5	61	80	22	3	97	69	95	64	31	29	51	9	91	90	51	58	69	78	37	30	
7	49	62	41	34	56	70	85	43	27	50	5	78	14	40	45	93	66	73	86	16	7	73	81	73	82	7256	20	62	78	12	70	31	61	3	81	8	18	89	28	18	69	71	73	1	26	25	47	58	49	16	37	6	9	43	56	51	56	98	85	69	87	63	21	91	10	29	68	79	86	94	28	0	57	19	8	19	78	99	8	4	45	12	14	17	57	9	78	91	20	24	51	28	7	74	58	77	15	73	38	41	3	45	36	25	72	35	11	81	69	9	11	39	94	70	51	51	38	97	89	63	28	39	34	48	3	82	37	80	70	55	84	37	3	40	48	97	69	82	80	92	60	8	21	68	4	89	72	91	30	
40	70	66	37	46	87	28	58	63	20	97	86	61	22	36	16	8	81	6	53	38	30	27	60	8	93	18	7773	95	37	23	56	64	76	59	35	60	87	79	87	11	52	29	71	21	74	71	55	33	11	73	23	41	97	66	32	26	87	85	1	38	68	34	20	68	81	2	40	75	34	19	56	41	94	97	69	40	80	68	9	22	85	35	65	69	72	92	1	3	19	58	13	40	18	95	90	72	48	93	53	55	70	19	30	53	1	39	29	95	12	35	74	51	33	56	39	67	18	43	50	81	55	55	26	74	98	93	66	8	12	98	93	88	82	78	13	96	53	57	94	85	58	35	49	41	53	8	28	3	81	
36	14	65	0	94	39	36	70	86	53	98	91	45	95	37	77	80	61	71	96	29	75	86	86	10	23	39	95	7108	11	88	27	58	98	80	55	94	27	76	16	95	26	3	42	8	56	57	52	52	17	1	36	22	20	48	58	74	73	21	56	49	85	15	65	21	7	63	50	61	94	47	12	80	96	19	96	47	9	9	59	20	46	24	89	88	40	44	72	97	16	90	40	68	80	22	3	5	31	48	18	53	57	19	90	35	37	6	32	46	60	9	37	85	75	88	7	28	83	27	72	10	14	6	28	84	13	49	8	29	1	30	95	18	27	53	38	60	8	25	68	12	72	21	52	18	73	38	13	5	58	
53	18	50	92	69	31	63	20	69	54	26	37	21	29	76	89	59	64	6	30	22	81	37	29	82	4	58	52	64	6796	68	89	65	32	9	6	86	5	2	7	94	15	61	29	72	18	73	48	46	95	13	79	51	43	76	62	96	27	21	40	21	64	45	14	42	5	61	39	70	59	30	66	79	53	74	34	27	4	81	68	12	76	48	94	15	11	72	66	14	18	70	12	13	22	50	44	5	97	17	43	80	69	80	65	36	83	73	76	36	0	88	3	86	72	83	61	74	24	34	2	11	45	86	42	43	66	34	9	98	7	2	7	81	2	7	25	33	30	15	47	49	73	15	19	55	18	94	2	27	44	
46	49	22	99	36	82	11	17	19	80	11	82	49	73	83	63	80	57	89	35	3	23	84	41	38	90	27	42	35	43	7419	37	27	38	94	48	36	33	93	8	32	33	22	7	54	60	59	97	48	81	33	78	0	81	48	42	59	14	50	95	11	63	42	38	83	15	56	50	13	41	78	46	91	59	32	33	6	13	71	16	95	1	6	66	27	21	74	87	29	40	80	31	14	57	97	60	8	64	37	35	71	54	47	31	84	43	36	31	90	78	78	24	35	93	27	70	34	37	26	39	82	96	85	12	92	5	15	20	40	61	48	78	78	20	47	59	19	61	3	81	84	33	69	18	98	92	89	67	11	34	
94	97	34	36	73	93	89	77	66	33	29	31	96	70	58	44	55	15	73	44	75	6	27	56	25	66	52	91	83	72	80	8117	36	38	58	50	63	65	91	90	68	94	81	6	88	83	57	62	34	46	90	12	86	34	12	38	33	34	75	42	52	3	83	78	82	49	55	46	41	20	1	83	96	7	86	39	26	81	78	18	77	64	81	31	93	46	11	75	91	78	90	57	25	86	54	92	43	90	38	57	11	2	73	11	13	7	25	27	98	64	47	48	27	35	67	68	92	21	50	49	10	25	9	89	91	71	7	15	24	73	3	82	57	91	35	51	44	80	73	81	37	96	96	51	16	44	50	96	19	2	
33	94	17	96	38	56	37	56	88	24	55	30	34	40	27	85	39	8	25	89	82	18	42	95	79	44	59	58	62	59	31	59	7697	43	13	2	3	68	96	90	10	39	42	59	96	31	19	22	34	53	58	48	25	93	28	14	78	68	28	37	87	7	83	30	46	54	53	0	97	85	28	65	70	89	27	41	93	46	9	13	85	55	12	51	68	31	51	95	81	11	48	85	34	68	30	71	73	50	58	14	3	81	8	73	84	95	79	54	25	50	35	67	67	83	97	14	87	7	4	48	15	85	65	56	4	93	80	92	76	80	66	88	14	71	50	9	87	68	88	60	31	14	3	92	9	4	78	77	59	45	
53	30	3	77	20	8	10	37	35	83	58	98	22	29	16	26	74	8	16	24	40	56	22	19	67	34	11	31	28	4	42	68	96	7035	0	26	1	95	27	37	81	41	26	90	96	21	54	78	68	98	40	37	61	23	39	49	42	55	58	85	46	49	13	96	96	48	76	6	45	93	97	84	14	26	84	27	17	37	71	79	31	2	3	97	13	93	4	99	99	8	95	82	60	27	78	16	76	40	60	28	50	29	15	47	22	4	30	75	6	98	63	1	39	51	65	87	2	66	37	68	63	84	2	79	55	13	6	18	65	81	7	79	66	44	90	92	25	61	90	52	75	32	1	17	67	38	11	38	90	20	
56	90	3	81	53	32	56	76	57	23	76	33	37	31	85	40	84	18	13	84	88	20	74	37	61	65	75	55	68	23	38	40	63	8	7601	2	91	50	11	80	85	50	84	51	57	2	37	31	24	30	61	58	65	56	69	67	70	51	37	76	72	69	10	7	53	49	25	93	64	84	43	18	54	17	58	68	43	22	63	7	74	93	32	90	78	21	32	36	81	78	17	75	30	82	33	97	58	80	16	44	30	29	20	71	48	62	2	84	15	89	96	18	0	11	80	52	38	37	88	59	56	70	2	18	70	0	14	24	38	70	57	9	56	2	89	98	51	27	51	63	77	85	80	66	60	88	78	74	43	45	
68	33	54	5	0	36	85	98	39	89	95	55	31	26	39	67	36	43	57	25	30	81	79	62	27	52	99	60	18	0	9	9	71	7	27	6940	42	20	15	36	10	71	99	4	87	44	60	45	32	9	35	5	36	59	63	34	55	35	57	82	39	1	9	27	25	10	58	51	26	67	90	25	14	12	26	20	80	26	8	92	78	91	11	95	97	63	45	26	52	33	42	23	54	22	48	73	94	69	13	2	66	31	96	65	74	69	59	16	6	36	13	79	46	70	76	54	86	58	21	7	93	6	74	24	41	19	47	8	84	82	1	19	34	53	72	63	55	32	88	88	57	90	53	23	53	59	17	3	42	58	
60	3	9	5	77	7	64	14	67	89	76	97	30	97	90	41	67	3	59	31	63	90	84	97	44	90	0	63	49	30	25	65	35	49	0	94	7357	53	45	77	59	4	43	47	22	51	44	52	2	76	4	17	86	84	30	1	37	97	35	14	25	40	73	26	24	75	67	3	44	9	67	16	31	42	75	65	8	52	69	1	32	74	89	5	97	84	24	36	38	91	6	33	23	30	96	29	28	73	60	26	68	98	48	67	8	25	64	40	55	21	35	40	92	75	32	65	90	60	11	0	25	99	55	94	22	84	36	66	91	12	36	32	30	72	89	81	53	87	67	24	24	68	92	72	27	73	55	95	20	14	
3	47	61	85	35	27	8	87	20	24	71	11	56	49	80	75	67	3	8	38	77	98	40	75	59	25	35	73	68	29	38	8	46	31	29	4	33	6763	44	24	24	51	43	69	40	58	29	4	17	38	43	98	58	50	2	31	7	9	10	70	92	86	22	86	17	74	0	47	68	25	91	2	35	2	94	95	58	60	55	26	79	9	60	36	68	80	20	94	49	79	21	30	79	14	84	53	88	15	46	52	56	82	14	63	22	47	42	35	60	37	91	4	16	9	7	2	7	75	53	43	1	44	72	65	41	62	4	31	18	68	85	86	48	37	0	26	84	30	79	71	24	1	64	17	86	5	41	82	79	48	
74	66	52	79	91	65	69	52	90	20	53	15	85	70	13	69	63	64	68	7	49	38	53	58	63	23	38	97	26	24	2	46	99	38	22	35	52	68	7629	66	85	95	64	79	81	44	95	65	94	29	88	76	83	24	53	26	17	56	55	91	84	54	98	29	46	55	19	43	28	78	74	9	16	24	70	29	7	35	19	97	19	32	55	13	48	40	16	10	7	97	13	16	71	48	51	47	23	82	78	88	27	51	36	38	35	50	13	62	93	71	16	68	23	81	77	91	87	48	47	49	41	42	40	38	66	55	74	65	22	35	76	28	29	87	90	40	74	64	77	57	36	23	7	43	40	68	1	57	46	14	
44	43	78	7	44	83	31	63	78	20	17	65	37	39	17	91	95	85	9	86	99	33	97	67	44	83	36	80	7	96	3	99	89	53	42	91	91	1	96	8007	43	3	50	36	99	99	79	91	79	28	18	35	54	42	63	1	61	85	87	77	14	45	22	85	7	95	94	75	17	96	78	20	10	13	8	53	41	83	43	32	29	87	75	96	32	60	2	32	10	92	71	61	60	33	45	6	82	5	42	52	73	12	72	9	25	68	88	26	71	61	54	76	12	90	84	82	25	12	94	77	29	65	61	76	12	96	14	54	63	39	54	21	52	57	43	32	96	73	38	64	37	39	55	11	53	82	37	13	95	89	
43	60	85	81	5	39	74	46	82	21	98	78	23	60	39	28	76	57	81	58	58	39	51	64	18	6	89	9	16	56	14	8	96	3	75	43	4	95	67	21	7606	61	32	17	69	84	98	96	50	38	59	72	66	50	3	31	64	89	20	65	56	31	77	74	53	16	46	10	74	43	12	63	93	77	11	64	16	81	75	26	22	66	90	51	92	90	26	45	78	14	36	90	44	21	1	13	96	57	56	35	87	91	75	91	64	95	17	27	92	93	36	61	15	26	40	24	13	21	56	30	44	51	75	17	25	73	6	89	93	42	12	54	54	60	21	35	87	71	48	2	64	7	90	48	9	33	60	39	76	53	
82	37	2	27	73	58	7	44	2	71	49	70	91	64	45	19	89	33	83	50	40	9	83	70	4	77	95	10	28	75	5	61	65	54	31	99	65	72	64	67	19	7258	52	34	90	77	90	63	18	62	9	21	11	78	98	10	53	15	17	70	46	3	10	64	78	18	24	42	88	71	18	27	82	97	54	92	14	28	84	19	94	59	52	40	37	28	3	12	83	10	97	4	99	71	42	30	94	10	3	62	27	98	68	40	97	84	16	80	81	57	22	13	52	32	81	67	59	22	30	75	21	39	66	20	81	20	92	19	85	34	47	42	50	6	11	54	77	64	28	50	25	49	84	7	38	48	19	45	73	1	
62	33	1	73	78	37	5	57	59	95	17	97	18	45	54	97	17	38	50	12	2	3	28	91	28	62	64	58	0	95	45	95	7	17	57	72	22	99	20	83	78	4	7398	56	6	87	75	21	77	31	14	48	20	91	89	42	68	37	91	47	39	92	5	86	5	10	55	74	41	23	97	89	65	27	25	88	38	6	8	83	79	78	83	11	37	84	5	49	19	83	70	64	86	53	10	70	16	84	34	83	9	76	81	11	78	53	27	85	30	48	2	36	1	1	74	37	63	0	87	0	37	88	61	15	82	54	59	33	36	82	58	36	47	55	52	94	75	3	72	68	10	82	45	71	85	97	31	26	99	5	
64	78	75	83	36	45	87	29	10	57	18	80	28	60	69	33	61	42	2	9	20	58	96	64	28	9	62	85	3	22	88	99	52	62	5	80	90	12	0	35	46	71	74	7553	15	2	83	21	80	69	81	9	50	3	61	31	24	47	64	60	91	26	25	57	57	13	75	17	65	71	29	34	28	70	99	29	50	75	84	19	64	74	71	69	28	87	75	87	54	74	38	37	70	57	75	2	46	47	86	54	49	91	25	21	92	42	53	48	80	62	7	40	4	43	39	73	56	71	16	52	22	25	93	88	21	38	88	49	31	16	41	38	23	86	97	37	14	12	24	57	45	98	79	3	68	95	26	32	62	96	
50	49	78	73	8	46	44	30	19	4	73	47	42	26	90	37	26	19	66	7	95	50	33	41	65	36	46	4	46	0	52	2	11	93	32	54	82	16	33	90	75	70	32	11	7105	30	85	25	71	10	57	36	26	26	98	93	62	37	12	53	77	88	13	7	42	1	27	56	21	56	44	8	90	40	42	82	48	0	69	28	69	31	74	9	7	65	5	19	65	39	73	52	34	74	34	23	57	86	95	63	58	24	65	76	71	10	52	76	15	95	21	32	83	75	63	31	18	87	18	87	91	88	77	55	96	60	18	67	8	82	72	30	52	7	68	9	39	49	72	77	29	3	36	75	22	77	46	77	26	9	
20	59	46	4	12	88	52	19	36	25	96	58	18	84	82	69	41	86	72	84	9	83	4	92	18	1	17	69	57	28	74	58	63	34	84	30	16	1	45	72	16	73	81	17	87	7540	24	40	22	43	39	31	27	92	79	48	37	41	56	50	17	71	87	89	12	51	18	67	27	45	64	61	43	98	35	81	37	77	69	97	61	51	91	88	96	97	0	48	0	74	97	0	75	0	14	98	83	55	9	91	41	20	28	54	47	48	68	15	67	54	13	73	49	89	7	1	80	93	29	48	90	67	88	67	17	47	86	30	44	61	28	79	89	88	85	31	2	47	68	45	19	36	17	50	0	13	51	41	15	37	
88	80	65	21	95	63	67	88	71	18	30	60	1	44	62	43	92	9	26	65	1	63	24	68	25	76	21	95	84	69	72	0	92	94	19	37	96	11	40	42	94	15	94	31	67	10	8150	7	17	84	89	5	9	80	77	78	47	67	11	24	34	86	3	13	96	76	54	51	78	88	72	91	88	61	56	51	47	31	22	76	35	99	81	76	95	50	80	28	74	75	27	33	63	41	54	20	89	90	69	24	17	57	56	75	55	5	33	35	79	51	60	74	88	78	90	44	17	57	37	85	56	24	54	95	75	15	8	28	5	88	5	27	89	23	47	99	49	82	44	48	66	86	45	94	73	64	75	55	33	52	
17	47	96	16	97	6	92	42	6	97	5	41	12	98	90	50	58	37	82	18	97	43	87	45	15	99	55	37	33	98	28	30	53	61	85	12	67	25	92	51	16	98	66	66	7	84	33	7446	76	34	75	22	34	80	11	21	50	56	1	83	76	67	78	0	12	53	77	79	13	98	38	60	20	90	15	40	21	20	98	91	41	42	27	33	24	8	14	93	69	54	2	30	98	62	63	90	46	99	42	32	24	58	56	80	2	7	48	66	69	40	99	67	34	8	48	35	74	95	24	32	10	11	20	65	58	2	18	63	67	87	37	24	95	38	44	48	76	96	12	21	83	14	53	1	30	96	38	83	4	69	
39	32	5	62	53	89	71	46	1	16	21	73	14	70	68	31	60	88	16	81	20	4	44	48	89	34	18	87	78	46	98	28	69	60	19	23	30	6	89	50	80	60	57	80	7	2	78	56	7273	73	17	41	56	83	64	8	18	45	70	33	55	45	74	26	3	13	56	52	75	33	36	7	97	96	63	40	75	90	31	89	6	32	26	1	24	52	4	93	97	55	28	70	95	20	93	7	76	3	38	53	73	74	64	29	8	15	91	58	69	78	18	41	48	24	83	57	33	88	66	66	29	88	52	44	17	4	51	83	53	39	64	46	47	10	86	32	60	69	41	22	45	54	37	87	14	5	84	93	27	42	
96	71	93	18	20	50	7	5	65	82	56	50	74	34	68	48	0	89	70	97	76	68	51	43	12	19	59	33	40	25	14	37	83	39	81	51	17	26	87	81	71	42	18	96	99	37	84	63	20	7571	31	59	80	42	49	64	64	68	63	90	55	23	80	37	3	40	25	89	9	20	76	68	19	30	85	50	35	73	75	76	17	49	87	40	85	79	34	20	66	88	92	59	14	55	29	75	64	2	59	21	54	80	84	27	34	5	78	8	83	30	0	29	87	8	34	34	24	97	8	3	76	64	47	28	9	94	60	74	77	83	13	52	29	31	37	8	72	48	12	51	31	35	99	68	26	64	69	91	21	91	
65	20	76	23	1	56	27	18	63	59	56	79	68	2	37	3	1	65	62	95	37	86	24	89	63	34	9	79	37	84	27	53	30	63	87	44	31	87	72	58	96	62	28	71	39	89	65	60	93	76	7193	36	79	10	10	97	92	82	56	44	14	73	13	15	14	37	22	62	52	57	29	80	98	42	88	7	15	93	64	66	35	43	81	30	70	13	9	63	26	44	13	45	17	3	31	50	37	14	64	26	82	39	35	96	25	91	23	26	30	76	50	57	13	0	14	42	48	0	44	72	69	62	71	53	85	76	2	86	16	66	18	43	19	61	2	31	97	1	71	33	35	12	50	47	42	92	47	26	75	87	
19	61	49	51	68	76	10	57	90	1	36	79	17	81	35	81	52	35	39	64	23	58	66	96	94	38	95	3	32	21	50	61	12	1	56	64	19	29	81	65	42	73	69	36	45	94	60	33	39	57	38	7553	92	83	22	29	69	17	24	31	7	76	12	30	35	95	1	43	28	0	83	5	70	81	17	97	54	76	58	57	85	17	70	96	25	70	83	65	53	91	97	70	92	43	54	39	21	42	6	12	50	25	95	27	11	35	96	65	32	86	31	94	57	29	75	18	72	31	39	91	72	40	32	17	86	42	77	85	77	43	64	54	94	24	16	23	11	17	97	32	27	68	8	59	3	43	96	82	44	62	
36	33	76	90	60	21	8	31	36	56	28	71	73	70	65	67	94	69	38	78	80	84	49	33	9	16	42	15	8	10	71	95	3	81	43	95	42	54	27	20	67	88	62	91	66	13	0	88	80	18	6	33	7881	42	39	38	4	99	6	14	2	40	82	8	37	46	50	10	99	71	30	38	95	52	77	60	89	87	94	71	92	44	96	95	69	34	29	74	15	0	46	46	99	93	39	6	54	67	71	5	56	55	1	63	44	33	34	81	49	85	29	27	55	74	18	32	95	55	91	46	18	79	44	35	85	25	63	47	45	60	47	78	65	79	4	92	77	65	59	95	51	94	70	90	28	81	11	80	72	61	
14	67	9	75	72	77	57	92	5	78	54	87	38	97	49	52	77	66	91	82	82	86	95	30	10	16	16	83	14	69	4	72	54	51	5	15	55	78	64	84	9	91	56	93	93	17	96	75	90	56	67	61	54	7377	30	71	28	27	75	2	80	46	29	82	30	5	96	40	82	48	22	5	7	97	82	71	23	48	12	50	19	35	58	54	63	42	5	71	0	44	30	8	88	86	79	48	94	67	53	58	54	41	0	9	67	51	65	24	75	35	54	6	43	94	10	51	28	2	20	56	6	59	34	2	91	98	86	55	81	85	92	10	11	99	93	30	77	14	76	19	3	14	5	49	60	2	14	10	7	36	
4	41	5	18	86	8	45	51	69	48	12	45	66	61	22	61	54	12	21	3	94	61	12	41	40	52	66	35	50	58	23	70	38	58	54	55	61	97	84	29	76	75	44	49	99	47	67	57	76	97	82	74	80	6	7442	35	20	87	35	55	27	78	0	14	98	93	49	99	60	16	26	76	2	22	16	59	78	87	18	28	48	16	45	34	77	66	59	90	44	59	64	29	61	34	58	42	39	6	15	48	81	94	8	5	33	4	5	67	5	63	42	50	98	1	4	34	81	40	79	98	83	75	18	62	68	28	50	61	3	37	76	10	21	99	94	27	64	95	26	86	50	96	71	27	74	71	20	7	92	94	
20	59	98	33	97	68	66	83	39	41	85	34	39	45	31	31	78	38	81	72	31	43	77	59	24	68	36	67	96	70	34	67	71	75	9	20	62	9	58	22	40	89	32	0	69	80	98	63	59	85	39	6	34	22	0	7595	4	60	86	57	21	79	97	51	99	83	80	64	25	75	14	23	89	68	48	20	76	53	39	55	97	48	29	69	40	14	27	74	20	42	2	42	82	11	31	78	45	83	31	92	3	46	82	65	69	8	90	87	46	94	36	99	12	51	3	5	32	18	27	94	55	90	16	16	24	59	11	68	11	27	69	1	87	3	16	85	65	62	34	96	49	58	67	75	56	70	92	1	10	64	
91	89	60	80	14	34	49	23	31	64	11	60	34	81	56	2	78	47	94	39	20	60	73	16	17	74	93	53	17	19	47	58	70	58	93	1	10	12	70	53	64	25	19	14	4	2	18	66	29	57	85	59	70	4	27	9	7225	5	28	94	23	77	27	5	31	67	11	4	21	7	47	90	93	20	47	68	98	9	66	34	13	91	65	92	99	48	76	33	82	18	95	43	24	87	64	88	25	75	84	34	34	38	34	94	66	60	7	42	14	42	42	38	31	7	48	95	98	36	8	83	32	7	99	48	7	58	18	57	65	42	66	89	82	41	53	25	87	57	27	43	53	18	88	44	71	63	92	8	4	60	
56	41	67	58	41	58	12	77	62	18	85	27	53	0	97	23	50	51	16	52	1	25	96	11	91	48	75	75	26	89	21	5	52	33	11	73	9	41	52	33	28	13	51	17	32	33	61	63	71	78	36	72	94	82	84	50	50	7032	17	23	99	36	66	6	75	26	57	29	61	29	54	43	10	65	16	70	16	68	37	91	26	13	45	33	55	47	35	11	66	54	31	46	25	34	87	67	64	22	12	92	89	66	43	57	6	47	48	69	50	62	6	90	88	88	0	53	72	21	8	97	83	0	16	31	61	78	21	2	65	17	80	76	73	71	54	0	78	27	12	10	98	51	59	76	36	62	16	10	17	40	
44	21	11	69	18	11	73	79	60	52	68	58	80	12	69	67	89	95	56	4	77	76	6	0	97	20	84	73	90	17	87	32	88	95	56	45	63	71	94	58	58	78	14	40	15	28	95	71	74	93	82	38	62	56	43	9	33	54	7938	12	99	17	46	32	97	30	59	64	70	52	30	24	39	95	28	81	11	91	22	5	41	16	43	36	13	25	84	15	64	28	86	68	88	18	46	54	3	19	35	3	91	56	69	63	82	58	66	94	79	94	65	81	5	4	96	5	90	96	90	21	34	64	82	69	93	70	91	19	38	56	56	4	94	69	46	34	1	25	43	25	11	81	81	92	81	40	28	17	69	29	
76	87	54	62	76	98	45	20	22	3	37	20	37	31	96	33	74	3	58	68	13	51	20	98	9	83	5	13	73	74	76	88	74	68	32	58	39	71	37	18	7	56	68	44	34	34	64	12	34	31	90	36	59	55	94	51	12	90	87	7199	0	81	5	6	21	15	29	65	41	60	88	41	62	30	83	42	50	20	19	36	42	59	53	4	22	63	76	20	30	14	74	95	55	79	3	79	69	37	12	64	23	29	99	87	20	18	28	50	9	51	91	36	71	30	87	48	26	99	22	55	65	67	62	97	88	74	16	7	76	75	58	30	23	26	86	27	24	14	9	24	23	8	2	46	3	80	99	71	55	99	
13	4	57	42	24	13	19	2	61	84	99	7	60	72	79	21	7	62	12	75	47	37	88	54	74	69	49	98	65	58	19	74	97	36	60	51	73	70	87	78	22	13	15	71	77	98	68	60	80	35	66	77	27	54	66	39	41	10	5	0	7313	6	60	28	77	71	84	21	27	25	93	12	77	89	26	33	58	22	18	14	5	54	38	37	61	42	69	71	3	76	21	21	97	3	40	9	33	24	69	92	31	12	8	91	55	54	31	78	6	59	39	49	51	43	47	41	37	62	43	45	23	98	63	81	7	78	93	42	54	91	19	40	84	23	14	24	23	96	36	95	50	89	89	11	57	34	85	86	34	0	
12	9	84	64	36	99	58	69	71	36	13	7	8	11	72	10	4	58	9	4	6	6	17	42	72	40	8	35	32	21	11	8	77	75	87	93	13	56	27	66	24	78	73	3	78	92	13	12	13	44	3	3	75	49	10	56	90	23	25	19	15	7141	36	64	64	39	38	80	9	12	70	98	84	93	3	9	0	66	85	83	15	36	65	29	32	44	64	34	72	67	15	56	2	95	17	14	48	61	45	23	88	95	94	95	89	96	44	59	63	61	61	69	0	67	60	14	11	14	36	63	81	44	28	30	99	6	89	46	95	78	65	84	54	90	3	36	93	44	79	55	91	67	72	65	74	8	62	54	49	72	
81	34	65	55	57	16	59	81	28	87	65	61	61	11	73	98	81	5	36	76	27	43	57	78	84	63	72	98	9	55	90	67	7	99	83	32	54	30	74	84	80	61	72	9	12	2	75	6	5	89	77	8	9	17	2	35	48	13	78	93	7	2	7777	82	41	64	53	76	99	57	98	18	71	5	52	34	99	4	21	47	70	25	47	30	32	79	92	92	2	89	19	97	41	41	35	23	99	72	12	78	73	48	68	95	47	63	7	99	13	33	22	73	15	48	65	74	56	66	75	96	2	78	30	97	69	18	59	89	81	85	31	43	57	93	11	60	41	31	5	84	14	41	19	29	32	47	91	49	45	50	
83	89	54	88	25	16	55	63	5	35	17	27	85	61	46	80	48	1	88	93	45	90	48	40	54	26	62	63	10	27	74	75	90	17	39	5	62	71	6	38	26	57	1	51	66	94	72	82	91	92	39	56	15	97	77	68	17	83	57	18	89	26	52	7675	12	23	14	72	63	88	32	33	32	27	61	37	58	1	99	18	50	24	72	22	73	91	58	15	12	8	76	43	98	2	98	5	5	64	43	54	96	57	60	51	67	6	68	82	43	89	62	44	44	59	95	22	12	92	53	14	65	53	23	24	94	47	65	0	90	6	78	86	74	97	24	89	36	4	84	0	51	97	31	75	57	40	36	64	31	52	
89	96	55	49	93	76	49	73	53	46	35	22	13	56	59	58	99	6	14	23	7	53	67	80	15	34	26	42	34	78	23	92	55	15	28	27	87	88	64	50	47	13	18	1	55	42	29	67	92	5	13	18	94	2	70	18	26	14	27	83	81	9	90	11	7627	0	74	21	86	91	81	55	23	64	35	25	3	48	90	59	68	54	87	89	94	93	42	25	61	61	30	9	7	97	67	97	75	87	7	7	73	16	86	53	13	94	53	91	25	31	90	46	53	72	46	44	79	66	87	17	63	7	11	97	12	21	72	99	76	74	57	52	77	12	32	13	72	31	86	51	94	62	13	76	92	3	77	38	28	42	
13	66	41	22	38	76	41	83	63	68	87	39	78	29	1	36	4	77	27	29	72	58	90	35	64	64	56	51	88	29	15	36	71	26	14	35	82	82	26	82	73	84	82	80	87	38	21	17	1	67	99	94	48	72	74	40	99	27	98	22	59	43	96	72	13	7024	7	70	27	22	27	79	23	52	5	90	8	51	19	54	15	35	58	41	85	65	50	36	37	37	25	57	1	38	70	17	4	44	27	27	26	29	36	88	35	51	2	32	85	25	88	33	25	64	41	83	16	8	70	35	74	71	29	8	54	57	35	67	40	1	42	58	51	11	26	16	39	90	12	78	82	88	63	65	48	31	15	6	21	42	
46	38	33	63	43	44	17	2	86	24	87	16	63	30	47	11	7	97	32	68	56	86	43	60	30	4	35	8	23	3	55	92	79	60	46	74	74	81	5	55	3	94	16	10	22	74	26	22	0	14	98	64	2	66	34	40	39	17	97	76	86	52	34	17	71	14	6898	39	69	98	90	31	44	24	85	43	36	49	75	28	5	57	67	59	8	50	47	74	38	11	33	4	4	10	47	63	67	70	87	61	72	11	40	37	39	91	57	63	15	73	99	51	93	4	41	34	78	14	39	10	70	49	46	71	63	70	35	5	1	37	50	72	16	60	34	29	78	11	78	47	57	19	6	50	68	97	13	39	65	22	
44	43	65	97	17	1	16	42	91	79	94	78	64	75	1	93	76	55	31	56	66	72	43	79	34	3	17	65	45	39	58	99	49	98	25	5	11	68	16	24	54	72	91	45	62	78	77	76	53	25	9	24	20	86	25	10	53	64	80	41	88	17	93	53	40	73	70	7787	16	34	90	7	65	79	78	55	45	34	86	84	84	43	99	34	2	10	28	32	6	88	74	4	33	68	16	60	14	77	39	54	24	82	13	62	12	38	12	37	93	1	78	92	38	35	62	65	35	99	37	49	66	75	22	11	39	6	71	16	77	46	46	87	56	44	78	63	92	80	49	39	79	21	89	81	93	84	94	54	3	63	
40	19	58	50	5	90	65	22	88	15	17	37	58	90	67	1	94	12	73	85	4	70	48	77	74	40	46	27	60	51	25	77	94	64	35	20	59	3	24	84	53	24	92	65	6	5	17	14	12	28	13	84	65	26	56	85	0	48	5	33	68	85	53	40	70	9	40	33	7004	21	78	95	62	78	73	50	28	70	73	73	49	68	64	13	41	8	32	72	99	63	77	47	18	76	71	12	37	43	31	89	78	80	9	41	4	63	94	16	75	19	63	13	76	13	22	9	17	31	43	91	46	12	14	46	9	17	79	7	71	97	6	95	35	81	44	67	78	11	21	22	92	11	31	99	6	46	15	12	92	43	
42	26	96	64	78	97	66	65	63	87	47	27	61	39	82	23	69	57	96	17	66	46	67	70	7	90	4	71	2	31	84	3	81	66	97	43	55	27	78	61	1	42	49	52	61	11	42	42	59	53	72	81	82	98	5	22	5	25	61	51	55	50	59	35	83	99	9	28	28	7521	97	84	33	99	36	8	48	98	42	73	40	85	38	43	39	27	3	76	13	43	75	9	22	60	63	39	78	64	68	33	55	56	68	0	18	31	20	87	70	41	60	40	69	13	39	30	77	74	33	8	66	19	78	39	56	26	25	31	44	10	56	4	58	67	94	54	74	49	55	77	83	31	71	15	18	75	26	38	71	3	
39	94	2	48	63	82	7	64	39	18	56	3	15	66	79	72	47	3	38	11	34	10	89	75	86	15	8	67	91	35	1	89	71	39	15	11	71	21	48	60	12	20	67	45	44	75	93	96	21	58	93	99	14	80	59	69	25	76	67	74	49	83	13	37	62	66	54	99	81	72	7844	25	8	25	79	32	97	21	97	20	38	15	79	75	37	90	72	76	17	1	70	68	36	36	74	87	10	62	25	26	15	66	92	64	4	59	67	94	52	71	74	96	8	69	72	44	23	38	21	49	28	41	49	84	77	14	77	57	37	97	38	82	91	38	75	8	97	36	16	3	44	66	61	98	25	34	87	49	89	96	
66	11	73	41	67	58	9	6	87	6	61	45	70	95	61	19	21	57	57	49	9	12	18	85	0	28	44	45	19	53	70	9	73	99	89	94	39	68	48	67	47	0	99	39	39	10	75	21	24	10	74	67	42	62	39	35	69	9	88	9	52	64	70	16	38	39	37	23	38	28	65	6856	67	21	43	52	44	16	24	39	36	62	27	10	77	97	13	18	34	39	38	84	66	39	41	95	91	62	80	57	8	88	26	36	42	12	9	27	25	97	24	25	33	3	43	53	99	17	56	3	18	8	22	13	85	24	67	90	94	82	40	27	7	70	68	47	25	37	33	8	95	33	58	14	24	36	68	88	71	90	
81	5	19	51	49	47	65	32	68	34	26	55	42	5	88	99	91	31	8	38	89	80	68	79	7	76	13	32	40	1	84	15	1	75	92	63	48	2	8	28	90	92	37	18	17	18	92	62	97	36	85	1	59	86	82	79	56	53	69	24	45	77	96	84	35	69	96	72	45	42	31	42	7194	47	13	41	41	0	96	6	84	48	12	86	61	97	52	86	4	47	58	79	46	96	92	66	78	58	13	55	12	37	77	39	47	71	25	56	42	93	50	80	25	32	14	9	1	36	20	60	55	43	11	59	24	1	33	29	19	71	44	3	31	41	22	52	88	29	33	14	23	76	65	2	20	15	97	38	63	79	
36	34	56	44	74	38	12	83	44	33	34	37	62	55	45	5	78	12	51	9	20	96	10	53	96	24	89	18	28	8	74	18	83	57	63	89	21	85	30	71	52	25	33	25	30	47	58	36	24	63	60	78	66	79	66	90	56	53	3	18	57	0	18	27	73	99	31	59	20	37	98	55	97	7604	84	18	93	9	95	54	65	46	73	42	28	61	60	88	9	8	36	15	83	78	82	64	18	89	28	48	7	37	36	97	27	97	29	14	57	85	52	95	76	53	4	54	6	45	20	55	90	21	65	15	91	91	86	95	94	18	46	37	74	74	13	51	94	66	74	23	10	24	37	64	38	67	60	86	84	69	
31	64	7	20	68	81	90	59	62	17	63	42	19	64	7	8	11	81	92	19	7	2	18	35	63	3	29	9	55	29	45	40	24	7	79	35	76	8	72	8	64	38	60	63	68	7	68	73	32	82	27	22	4	60	98	9	61	23	38	16	27	34	30	80	39	90	1	1	90	45	36	53	68	14	7076	21	77	21	35	81	70	55	84	41	44	3	36	68	58	21	15	72	20	75	52	77	14	95	64	71	9	89	63	90	76	69	12	57	55	75	22	75	77	97	67	91	98	68	14	30	55	91	7	97	64	16	78	49	18	0	16	60	47	18	65	28	87	63	91	70	89	24	17	79	72	39	67	21	22	47	
93	82	95	83	40	41	72	53	96	56	58	30	8	35	32	1	22	65	27	41	88	18	14	85	61	77	19	37	34	88	47	4	69	37	98	39	76	14	13	92	88	26	89	34	56	85	53	36	69	74	31	84	36	64	71	62	38	8	43	17	34	16	34	13	40	50	72	58	9	26	61	20	15	30	85	7146	66	61	87	73	12	10	77	34	33	62	48	27	65	47	84	38	82	42	58	84	44	51	52	16	7	7	25	68	5	35	38	18	68	3	96	61	71	33	38	27	91	64	77	96	47	11	90	56	36	86	20	2	20	99	16	79	95	0	69	9	68	4	11	74	50	75	22	83	46	40	26	24	18	6	
63	98	80	9	53	50	80	12	55	25	21	74	68	65	97	73	55	90	3	5	12	27	50	66	68	50	21	53	13	51	35	2	62	45	34	25	62	4	8	74	74	26	43	75	2	63	38	4	25	38	27	24	12	11	50	47	15	70	1	2	1	53	22	3	97	57	86	25	13	73	71	38	64	99	24	71	6871	3	15	19	15	21	4	40	81	42	52	39	69	38	73	26	20	85	76	63	85	84	14	70	26	61	11	83	36	69	20	81	99	24	64	26	59	94	30	97	47	21	77	32	42	35	91	81	64	66	62	51	45	21	28	84	73	32	30	46	11	3	19	99	79	62	9	53	62	89	29	38	35	11	
39	93	84	13	27	10	44	60	55	42	4	70	67	89	47	38	15	13	77	77	15	63	78	87	80	79	50	93	80	53	0	92	24	83	85	57	92	33	63	30	14	44	86	50	19	30	61	29	98	45	51	14	30	50	63	48	7	96	2	82	44	72	77	6	7	51	19	45	75	59	64	53	58	26	25	38	75	7637	54	13	91	79	94	50	8	65	38	29	89	77	76	84	15	17	85	87	23	74	9	28	78	76	42	83	65	9	32	44	45	34	75	84	73	64	17	70	89	55	13	47	31	59	21	55	20	72	36	2	66	71	91	89	71	93	61	66	36	48	20	39	3	64	90	17	14	24	80	24	9	61	
68	29	90	55	84	86	44	63	66	78	35	46	82	31	46	10	88	91	76	55	59	62	20	6	99	32	86	52	93	47	10	33	6	95	53	52	89	12	29	33	13	56	66	65	86	2	58	72	27	2	33	76	8	73	77	80	72	36	55	80	30	80	91	12	60	60	41	88	92	99	52	38	54	52	3	20	85	63	8051	59	1	96	30	36	86	22	4	38	91	85	43	24	45	60	47	29	41	14	89	89	75	83	57	30	53	69	63	23	23	68	81	80	16	87	23	98	29	63	24	31	92	61	65	89	88	71	80	39	47	59	2	57	56	40	15	94	54	97	65	71	48	35	28	1	91	5	5	70	37	89	
72	95	94	49	22	1	69	47	91	53	24	63	8	17	45	19	73	53	78	74	31	72	89	38	21	62	71	12	72	42	96	30	68	68	41	92	83	30	13	98	28	87	85	61	64	8	48	20	72	58	77	57	56	4	90	92	97	13	20	51	37	40	16	51	55	64	6	38	13	86	96	41	90	57	42	92	99	8	95	8168	57	61	74	27	36	54	33	58	47	44	82	75	72	64	49	70	97	13	81	30	91	77	18	72	9	55	46	59	92	97	43	4	90	71	41	68	81	63	20	27	86	3	99	39	33	40	34	98	87	64	46	25	49	43	47	77	82	53	2	70	72	87	44	10	27	42	65	35	71	40	
84	59	90	36	40	85	65	12	36	44	50	0	18	24	91	55	71	64	7	34	15	42	22	61	89	19	47	87	96	36	23	37	68	32	49	45	18	71	64	28	43	16	49	60	10	66	63	13	88	40	57	22	47	86	78	88	47	78	75	39	24	50	86	16	76	8	12	62	16	15	31	27	36	16	58	66	12	73	95	35	7283	57	87	62	69	65	31	59	45	12	60	33	99	97	31	2	31	76	55	47	23	82	24	28	55	79	54	10	9	85	57	99	53	19	2	38	51	49	21	7	2	22	92	5	8	71	96	42	46	62	7	75	62	83	66	85	63	37	64	68	57	53	86	22	60	66	52	53	9	92	
72	27	38	2	11	80	50	84	90	89	45	74	44	37	10	80	88	48	55	95	39	87	41	82	59	40	59	38	32	96	22	72	62	87	55	73	22	15	17	26	0	87	5	18	4	22	96	88	95	92	84	9	8	40	89	81	0	46	57	77	83	76	78	78	88	40	54	7	67	24	5	92	97	24	83	77	24	31	20	77	39	7334	44	45	43	27	86	16	3	93	80	32	38	48	44	8	0	98	21	51	26	55	53	13	41	9	42	77	95	20	6	67	16	47	11	23	4	69	27	17	66	51	77	18	12	56	52	31	80	70	95	69	35	33	17	21	31	74	14	53	59	54	22	42	97	3	62	51	35	61	
50	19	80	91	33	43	18	43	16	49	16	49	5	46	58	94	12	1	74	88	60	46	69	17	22	87	36	96	49	96	36	26	77	66	65	58	20	17	24	68	30	98	23	14	91	98	65	58	50	21	90	82	68	37	8	82	55	31	79	10	17	6	6	36	60	13	82	10	74	79	70	59	4	89	68	18	67	84	67	35	63	32	7339	79	64	36	91	54	89	3	88	95	11	34	50	98	94	34	62	44	37	89	65	24	72	16	18	49	29	20	19	89	44	10	9	16	80	31	12	80	9	87	74	3	95	36	93	65	38	75	30	47	4	31	21	84	97	49	34	56	17	2	46	63	19	34	23	99	68	29	
52	57	69	73	82	21	56	98	4	86	82	97	36	47	72	89	39	74	22	96	86	24	18	84	13	13	90	81	91	92	28	98	42	14	3	51	73	86	21	37	59	61	76	4	90	90	33	29	63	65	7	11	44	20	71	72	39	51	96	79	17	0	74	52	67	25	47	21	15	72	81	24	86	87	76	79	13	74	90	46	46	33	50	7782	28	30	23	94	22	23	41	76	99	56	68	18	18	32	27	62	4	8	70	41	54	52	8	5	9	17	3	80	19	70	93	78	72	91	84	8	81	83	85	21	51	72	98	25	35	81	7	72	69	75	45	16	42	80	98	26	39	24	20	47	63	32	90	61	32	21	
39	20	85	88	81	17	77	71	9	3	42	57	7	29	31	46	50	39	23	75	11	94	47	9	2	96	48	55	63	90	26	11	30	52	51	85	57	36	81	49	45	81	93	12	16	68	22	68	51	80	1	43	84	94	23	89	9	88	72	45	42	64	21	2	54	68	32	10	65	40	9	10	86	9	5	79	71	63	7	93	66	13	99	70	6832	52	34	1	41	51	25	51	46	25	5	46	34	68	11	33	16	57	38	23	55	71	50	67	31	53	57	87	52	62	67	27	72	11	46	5	42	8	63	35	20	46	32	56	60	68	6	31	11	76	22	8	85	32	63	24	85	38	34	39	36	64	54	28	56	71	
81	63	59	7	63	91	90	29	28	32	93	0	47	9	48	71	69	16	32	18	66	40	15	9	89	59	66	45	83	31	1	85	28	64	20	7	0	85	49	12	14	92	46	41	63	90	17	72	33	91	21	14	44	33	6	2	29	28	60	50	9	73	92	21	0	47	48	17	86	43	12	77	50	53	44	9	29	28	59	60	82	66	97	19	16	7044	30	17	42	96	51	51	90	83	96	12	67	50	78	19	93	39	25	68	91	37	10	48	67	21	75	93	78	70	3	33	72	84	64	42	26	23	54	26	49	89	34	36	58	89	58	31	33	65	3	45	14	8	84	6	99	53	29	2	42	3	91	89	9	29	
45	67	40	29	21	80	70	45	88	49	21	12	32	17	73	47	20	51	34	14	92	86	37	11	7	45	8	58	49	90	52	63	42	38	87	49	11	41	35	37	40	40	5	81	69	98	69	91	17	82	58	61	16	23	77	7	40	13	2	83	78	85	9	59	34	98	45	28	72	33	47	42	52	82	15	77	92	28	88	98	77	79	32	32	51	80	7764	32	85	24	40	51	73	65	7	35	3	61	2	97	12	56	95	57	96	12	92	94	76	95	52	56	22	94	81	43	74	23	74	95	38	75	87	28	92	5	83	42	78	25	54	25	71	82	55	37	96	59	22	70	65	95	42	18	25	38	5	55	23	93	
98	79	86	83	92	32	14	96	29	76	76	35	66	21	50	98	35	56	28	29	88	71	87	93	95	75	72	75	43	4	66	10	43	73	93	71	99	50	8	63	6	55	16	24	15	2	5	48	93	97	54	81	77	2	72	69	59	6	12	4	23	19	86	84	54	62	20	71	47	5	70	56	79	29	73	35	45	82	64	58	90	53	88	80	39	30	18	7809	15	40	58	47	92	42	36	93	54	75	78	45	82	20	22	38	11	24	57	28	74	65	4	68	91	9	97	45	29	32	65	60	26	76	65	33	25	72	1	5	59	21	65	90	59	53	50	34	99	82	67	1	0	19	84	9	62	34	74	26	40	78	
49	16	65	74	29	74	44	70	49	13	22	95	17	15	23	51	19	98	62	18	91	31	13	59	38	62	10	95	88	46	5	94	16	38	5	14	12	36	92	1	9	89	24	41	8	61	86	21	30	24	36	51	81	86	9	88	99	75	35	56	98	98	86	35	41	7	47	63	66	86	83	86	24	54	45	90	83	21	62	24	62	90	28	86	88	97	76	0	7521	18	24	41	32	60	87	61	27	99	51	89	78	44	45	27	63	4	59	88	7	64	67	31	64	3	9	3	43	4	79	95	90	65	4	85	8	5	78	28	6	50	33	14	16	74	78	54	45	95	21	61	84	36	53	48	43	63	33	97	76	64	
41	33	91	57	77	16	88	25	24	64	29	53	8	18	89	10	41	19	48	98	26	25	64	72	49	0	34	4	85	67	7	1	46	0	25	42	61	20	5	62	76	10	59	55	69	61	8	69	26	88	7	44	87	46	17	36	47	23	41	72	4	29	12	13	49	90	29	35	97	61	65	19	50	47	65	99	71	0	64	16	85	81	46	94	64	77	41	29	90	7440	35	38	75	54	64	3	63	92	58	64	69	82	22	94	44	65	61	93	83	29	99	77	0	82	71	96	64	47	99	63	29	73	97	86	9	37	33	1	36	21	29	1	76	73	75	50	95	48	94	29	56	12	39	77	22	34	9	50	53	99	
51	54	0	69	80	69	19	62	62	20	14	53	70	75	91	65	15	43	33	69	80	32	62	48	41	34	70	57	4	9	47	38	35	55	89	57	69	34	75	40	10	35	34	38	43	7	6	50	17	63	20	20	0	65	59	72	23	93	13	97	22	33	43	63	97	25	47	57	83	41	94	2	1	72	98	16	76	65	94	93	16	69	28	10	95	4	58	69	81	59	7460	15	49	49	52	6	7	96	75	95	32	14	68	60	23	93	18	52	5	32	3	75	36	75	2	63	83	13	92	71	33	59	38	87	79	60	42	16	11	35	65	93	46	57	64	70	64	60	93	37	83	7	87	83	69	34	45	64	70	76	
92	69	95	20	15	89	64	24	56	48	80	28	3	35	2	22	69	8	74	80	87	44	77	81	17	71	34	82	60	2	32	47	58	72	33	10	70	8	39	15	98	57	37	36	31	90	60	91	36	44	39	62	87	5	83	19	57	99	35	96	91	17	71	0	68	94	78	87	9	74	86	6	95	76	47	18	19	86	1	95	64	50	26	44	8	35	53	82	60	39	96	7803	29	62	71	80	39	50	38	15	90	13	57	62	73	44	94	62	34	49	11	61	19	47	48	21	54	45	31	53	93	44	82	46	71	37	29	19	62	26	93	23	95	63	60	90	75	29	90	75	37	82	31	94	19	16	82	14	26	2	
92	36	3	30	33	45	86	61	92	73	33	55	23	7	14	54	3	86	67	90	26	19	41	88	38	56	35	78	67	47	84	98	69	82	98	74	37	1	41	6	80	20	55	75	90	63	37	85	53	36	26	84	39	32	30	96	43	32	54	88	15	73	54	47	54	66	47	90	64	57	46	86	38	64	68	74	53	65	84	51	3	32	70	94	61	52	69	53	4	97	84	34	7894	53	55	88	63	0	65	88	3	56	29	11	95	76	85	76	32	76	22	5	22	31	35	85	32	92	58	80	51	11	68	43	86	98	81	1	85	13	35	14	9	70	66	78	86	5	16	41	6	57	73	86	17	27	49	21	18	51	
17	93	12	84	74	33	44	7	50	83	40	3	53	88	0	81	35	24	78	38	65	75	23	68	52	5	98	77	69	68	94	43	88	9	18	7	60	51	27	25	54	95	97	16	57	40	73	82	18	92	67	91	15	0	58	55	49	9	0	13	3	96	80	86	41	20	88	45	69	97	76	75	86	94	76	86	82	54	46	94	50	48	56	52	61	97	2	66	6	94	27	55	29	7810	61	11	7	89	31	6	4	82	46	46	35	34	50	89	56	78	1	87	72	57	74	91	41	73	96	82	43	0	61	25	92	46	21	31	71	85	62	94	75	75	22	8	46	75	34	37	38	15	52	51	48	93	60	14	32	25	
65	64	2	22	53	72	11	69	40	5	83	77	81	24	36	82	82	18	81	57	70	98	94	75	52	90	36	98	27	45	77	80	92	93	88	76	61	53	69	8	84	33	68	16	71	32	16	36	4	66	90	90	96	34	66	0	80	2	5	21	64	30	71	53	23	5	52	69	43	22	85	6	21	35	32	32	68	83	20	52	27	29	85	17	55	87	8	29	33	4	97	99	64	5	7907	4	71	34	27	57	18	36	47	23	97	74	38	88	4	65	15	92	81	96	20	34	87	96	19	86	97	3	80	87	91	91	60	77	90	62	56	74	9	23	66	16	67	35	59	92	16	98	90	50	20	11	56	82	29	43	
21	3	28	29	14	12	80	66	10	58	90	85	34	70	43	47	1	7	54	42	65	34	77	56	46	6	70	28	44	51	6	7	52	99	59	28	58	97	0	71	73	94	77	38	92	56	32	81	56	36	23	40	2	59	63	18	26	21	57	80	84	23	38	67	86	17	96	34	2	73	15	8	26	37	33	44	53	15	90	21	23	96	86	80	48	88	92	36	68	60	39	62	11	11	59	7171	28	69	59	11	47	4	92	64	27	45	84	43	28	35	56	38	1	6	71	31	21	83	96	29	44	70	41	64	44	17	93	72	77	15	55	98	36	22	68	88	94	17	83	42	9	96	75	33	55	2	29	69	23	74	
37	84	77	71	50	11	7	0	45	93	67	45	8	21	20	19	83	74	73	62	61	0	51	23	62	7	36	29	41	61	88	60	94	82	92	25	61	57	79	11	91	64	85	73	92	70	92	53	10	8	12	13	94	50	42	16	36	80	77	95	71	60	85	40	89	29	7	51	8	69	64	59	71	75	45	39	79	28	63	18	89	99	88	75	38	50	86	37	60	83	71	3	93	83	56	3	7977	74	62	84	13	11	90	80	32	69	35	31	37	14	93	61	27	43	33	78	36	72	95	12	61	30	87	80	40	10	95	1	76	27	49	45	33	59	53	82	47	86	64	84	5	64	7	72	24	68	57	68	66	65	
95	92	20	38	44	27	98	57	90	66	31	72	11	6	38	80	5	48	95	86	60	67	23	59	37	6	27	61	82	84	88	85	47	60	21	18	61	72	77	98	25	28	51	19	39	72	43	33	64	54	23	7	69	13	14	39	85	19	35	89	40	87	81	86	0	34	26	77	56	35	98	6	68	70	85	95	80	47	55	36	72	10	94	45	44	4	37	33	7	67	37	69	49	43	61	55	22	7579	22	73	1	17	14	69	49	59	56	18	33	21	29	11	17	51	61	38	68	47	41	63	73	47	67	46	71	95	55	70	80	43	57	84	91	58	63	40	1	88	16	57	53	25	97	51	19	38	71	68	47	51	
48	49	78	63	78	84	28	3	2	51	97	12	68	76	41	56	69	95	36	14	29	45	61	39	44	38	54	32	37	39	3	61	4	8	5	17	75	89	65	90	55	44	94	90	35	54	86	85	41	5	76	57	32	37	78	80	11	33	72	13	60	53	61	94	46	90	60	51	91	6	7	11	33	36	51	59	8	14	59	55	5	73	71	81	84	9	23	19	38	6	24	13	69	21	25	38	28	7	7379	51	36	43	25	74	7	14	47	47	59	96	62	77	43	44	74	87	80	93	92	4	78	87	65	56	44	27	36	32	29	39	80	29	96	23	32	31	79	61	48	79	76	28	71	47	36	2	97	98	99	76	
60	16	49	40	98	80	7	10	21	61	5	33	55	9	96	16	79	49	0	10	38	63	89	7	66	97	99	7	2	71	63	45	54	70	32	88	88	91	84	66	35	40	90	58	35	30	56	4	93	51	56	50	5	40	45	25	85	73	91	28	84	75	46	49	70	54	79	66	69	37	67	1	9	75	54	42	64	91	60	33	26	82	93	8	87	75	50	63	96	71	69	46	18	35	73	21	65	51	40	8049	46	60	57	19	27	76	89	62	67	12	43	42	76	74	75	11	52	52	77	90	72	5	95	98	79	27	40	57	42	41	29	14	86	85	63	94	50	88	91	22	63	93	99	16	54	59	2	15	32	71	
88	96	82	67	15	32	43	98	94	17	3	99	24	49	88	60	13	49	51	27	13	32	82	6	78	45	30	81	98	20	49	52	45	60	78	85	19	39	23	88	76	50	83	74	80	59	58	67	34	9	74	66	84	18	43	62	61	83	49	85	25	35	80	44	56	72	97	91	54	91	55	67	86	46	92	45	30	1	65	27	22	56	95	49	10	58	24	85	33	43	10	58	91	25	13	15	90	85	15	88	7824	37	11	76	85	88	6	10	77	86	66	1	16	0	20	49	56	83	53	43	9	17	39	16	46	67	77	67	91	90	68	23	52	91	11	18	36	37	33	67	18	22	30	5	96	57	87	81	41	22	
98	73	70	94	75	94	0	82	25	42	32	60	73	58	27	92	8	80	32	81	85	68	78	44	75	84	89	98	92	14	25	88	24	87	44	97	22	68	88	22	36	67	94	27	26	15	49	36	81	65	89	59	68	40	17	7	62	74	38	24	1	75	14	61	87	16	2	74	47	56	28	40	30	0	72	37	66	57	51	80	30	10	72	1	60	65	31	37	44	34	91	65	29	19	97	23	69	3	5	12	76	7594	7	60	57	42	74	59	16	2	59	73	63	11	86	48	36	68	5	33	79	41	77	52	68	30	80	80	7	29	3	31	74	76	41	21	90	43	89	91	38	66	29	46	12	38	50	5	13	97	
11	16	11	71	55	14	50	65	90	56	85	19	51	4	72	11	81	17	23	12	98	58	50	71	78	93	32	28	70	75	91	90	98	54	35	61	69	94	8	80	56	94	33	54	24	4	6	55	79	50	10	87	13	77	17	99	67	73	12	93	49	42	11	13	44	15	9	43	58	14	31	15	65	83	9	91	34	80	54	44	99	16	35	67	63	31	17	48	60	9	99	0	72	6	12	92	76	38	75	30	86	40	7278	56	23	4	27	18	65	73	79	71	13	36	10	51	11	59	59	19	80	45	60	77	73	27	3	18	70	82	74	41	82	81	42	14	81	29	68	7	97	63	37	62	5	11	84	15	19	35	
71	9	41	33	1	19	0	19	48	55	60	97	77	36	81	63	34	71	78	95	39	14	98	77	36	43	62	81	84	46	5	23	60	2	13	98	59	37	26	85	64	37	40	2	13	77	52	75	83	45	26	5	41	61	62	67	73	44	68	96	21	51	50	48	71	67	96	40	15	25	77	16	44	73	5	89	5	29	77	92	25	3	35	73	49	16	10	2	18	38	56	2	38	92	22	57	78	96	11	55	82	78	89	7631	96	39	97	35	21	85	77	43	20	57	87	45	80	92	67	67	38	74	9	10	91	60	41	10	60	94	35	10	10	24	42	92	86	56	6	88	74	31	40	54	89	71	15	77	93	66	
37	66	49	28	73	49	43	98	26	46	15	25	46	70	55	11	20	76	26	77	3	51	25	26	5	79	93	7	98	28	80	20	45	60	41	69	19	55	29	22	81	70	96	32	46	3	31	14	50	26	7	42	45	20	54	31	68	35	16	38	12	2	76	48	83	78	12	40	11	70	74	41	45	19	89	55	67	67	8	69	49	18	97	53	85	98	69	19	6	27	82	2	26	74	93	80	62	67	37	37	93	92	95	91	7413	81	31	81	73	61	10	32	78	66	82	81	0	3	60	25	3	89	20	45	25	20	70	90	55	72	43	71	14	4	10	8	78	69	4	51	67	65	94	61	53	82	97	84	41	78	
54	4	49	39	0	68	57	49	88	57	32	72	80	94	27	4	64	35	26	74	25	93	68	78	83	49	96	90	4	69	64	63	50	77	29	25	55	20	12	65	87	21	47	79	82	64	35	94	2	73	52	23	15	41	5	51	97	94	78	24	74	52	55	42	21	13	47	56	50	52	61	86	2	90	46	40	18	61	39	94	3	46	16	17	89	32	56	66	4	13	19	49	78	93	22	93	82	93	15	51	76	13	56	84	87	7779	52	39	15	28	67	86	15	62	41	99	98	69	46	73	76	18	72	60	83	77	14	63	19	24	71	13	47	55	94	23	64	69	49	16	55	18	88	80	58	58	83	32	15	25	
90	85	44	20	69	83	23	22	65	50	3	21	64	29	73	50	39	27	51	85	23	68	55	53	26	20	94	90	62	0	83	32	32	74	88	7	68	52	28	18	9	0	49	92	7	39	36	77	96	33	19	1	96	43	6	86	98	92	49	75	48	65	97	33	46	93	97	37	70	19	95	50	72	29	43	9	90	16	19	6	59	85	0	32	51	52	44	59	74	3	32	74	98	74	95	20	50	56	16	11	65	36	1	47	98	0	7471	59	81	54	71	81	58	50	83	75	88	87	16	25	97	53	6	21	4	46	50	5	87	84	9	24	26	3	29	48	64	47	98	22	96	63	83	54	22	99	11	56	23	60	
76	75	42	92	46	38	18	38	85	37	33	99	64	77	43	40	69	40	72	3	74	99	9	52	26	12	74	85	29	53	38	56	18	80	74	2	4	56	51	10	62	76	94	66	84	59	65	30	39	67	48	71	52	70	74	18	72	54	17	32	42	92	38	88	37	84	56	39	79	98	86	91	87	48	33	15	95	90	97	74	65	86	83	67	55	74	30	92	84	10	44	1	5	2	0	82	92	27	34	27	52	17	22	80	53	61	80	7753	37	8	55	85	63	0	25	46	44	85	3	58	59	34	5	0	88	93	48	23	60	13	86	19	30	79	10	50	34	23	4	62	47	31	39	82	98	76	53	21	5	64	
46	44	88	55	56	59	27	26	3	91	10	65	55	82	73	53	49	13	74	45	88	88	29	5	94	77	20	89	27	88	24	24	21	59	91	81	61	44	79	33	17	83	86	22	66	70	64	76	64	18	87	75	52	84	85	92	24	52	99	51	25	41	19	84	94	8	99	12	24	33	72	86	42	44	10	15	41	20	2	87	23	58	32	41	45	56	63	97	13	88	45	0	67	98	27	56	42	36	67	44	85	9	48	89	53	24	80	2	7977	88	85	50	96	16	46	57	47	83	78	32	13	91	57	28	92	97	66	91	92	35	13	9	99	85	30	66	7	25	62	49	26	52	28	49	24	56	98	41	31	77	
97	79	52	1	34	33	97	46	71	6	3	24	10	87	68	90	93	95	87	86	18	99	90	26	51	26	19	90	14	93	74	28	80	44	32	40	52	45	59	18	22	52	58	16	52	89	90	12	2	54	64	50	45	32	5	25	81	23	24	56	31	52	7	70	20	11	9	71	20	77	98	53	93	80	23	42	80	36	15	36	8	60	22	48	40	33	66	20	47	50	35	94	22	53	35	98	78	61	70	88	43	33	62	69	20	35	2	12	4	7203	4	78	48	28	73	74	73	1	96	19	77	77	29	70	17	63	15	72	66	45	15	84	1	4	92	1	59	79	76	11	4	15	72	6	78	46	35	91	58	25	
82	87	84	25	15	82	7	62	69	84	92	21	19	69	78	91	33	85	80	4	51	34	62	36	37	6	16	10	87	77	20	19	17	12	24	87	57	19	1	20	11	16	2	11	86	69	96	55	29	92	78	91	13	48	55	3	69	63	71	9	89	47	23	41	80	73	57	28	92	0	84	97	39	37	18	86	39	83	94	12	37	62	84	51	39	4	46	77	83	31	26	21	87	55	30	56	43	47	86	35	80	39	52	94	74	37	52	88	39	36	7753	15	21	96	22	46	6	96	43	22	76	76	99	81	4	95	60	69	62	91	84	40	49	11	62	6	54	62	29	43	71	20	40	79	94	82	53	48	59	89	
67	26	23	50	1	60	57	21	7	5	88	34	19	23	67	90	57	1	77	81	19	26	63	76	80	50	59	81	7	5	14	44	31	95	12	12	37	44	74	82	94	29	73	61	65	26	24	39	0	81	65	75	94	19	64	28	59	66	25	81	17	15	45	85	98	93	38	61	58	6	78	99	82	64	97	93	77	82	6	2	46	80	0	92	26	40	93	84	79	3	22	6	85	99	52	8	44	46	15	44	79	99	9	55	52	63	37	69	99	47	36	7683	39	65	4	84	50	72	52	19	37	67	19	79	28	28	48	40	78	61	77	17	89	75	2	87	79	91	17	33	24	10	44	57	48	51	90	74	83	31	
33	87	16	4	33	77	38	77	2	64	30	13	10	26	15	71	27	67	99	85	71	83	53	92	56	3	72	54	30	80	1	3	88	15	56	49	39	4	33	23	69	64	56	95	92	36	69	58	93	81	46	73	8	61	34	17	45	99	71	80	93	13	93	18	61	64	77	45	78	30	13	5	10	36	97	51	10	15	83	16	96	80	50	0	15	76	67	55	4	53	48	4	79	30	26	49	63	11	14	74	70	81	82	45	48	31	56	92	46	29	71	29	7339	84	38	39	93	70	6	82	68	19	79	17	7	24	41	18	87	87	23	66	10	72	4	69	32	62	17	56	92	64	11	52	44	9	85	50	29	86	
6	34	36	92	29	74	66	19	46	56	92	35	42	99	16	11	6	2	3	53	25	81	44	81	11	29	0	21	45	77	53	22	6	49	13	63	2	15	5	4	61	12	83	40	73	80	83	35	88	85	25	10	8	89	43	59	68	2	96	53	88	97	74	64	3	58	12	85	84	43	35	4	94	59	11	33	85	2	12	41	14	38	89	57	61	27	75	20	20	90	30	73	30	94	61	35	13	93	99	96	81	74	63	28	43	23	92	66	20	88	59	23	58	7214	89	42	99	16	3	4	3	18	97	21	44	80	79	10	28	9	62	89	80	99	38	50	78	85	2	3	80	71	57	74	94	16	12	30	87	87	
51	53	93	53	86	23	38	95	71	40	18	84	69	88	50	22	43	40	19	10	57	15	55	49	91	99	69	38	99	10	41	17	69	13	56	82	38	40	61	61	93	76	62	13	54	70	37	54	80	69	25	83	90	93	51	55	96	53	44	80	47	74	22	14	94	24	63	65	98	30	12	37	17	5	98	53	18	6	1	86	32	45	91	13	47	8	11	12	51	75	17	73	16	68	45	99	98	71	65	9	2	76	0	96	85	27	49	8	11	32	33	82	98	83	7400	57	56	70	32	63	11	51	15	17	36	39	2	93	49	0	71	82	3	13	5	21	70	82	52	75	35	99	27	15	20	37	36	62	58	9	
64	31	71	94	41	45	17	26	23	84	99	44	49	99	34	82	9	76	10	14	46	73	53	51	5	61	25	80	40	79	75	93	84	69	96	36	32	5	20	89	65	33	26	41	1	8	47	23	98	43	91	21	39	24	84	82	14	89	40	44	64	61	37	23	33	44	54	38	42	55	53	2	72	33	39	73	58	28	84	66	74	8	4	21	4	38	9	35	20	4	9	99	1	91	86	59	38	76	45	99	15	83	4	54	75	81	35	45	1	5	93	20	69	5	34	7032	48	10	91	36	74	70	66	14	47	8	32	63	0	17	72	65	92	29	53	5	82	7	46	85	41	70	9	36	53	4	37	83	44	20	
14	77	83	41	8	59	34	69	39	65	83	41	80	40	13	27	90	82	77	40	8	82	34	57	3	16	3	1	92	23	96	39	75	36	75	76	98	56	72	14	33	60	26	94	73	24	3	11	17	74	49	25	27	89	27	77	20	54	4	21	95	77	50	35	99	39	38	73	87	82	6	3	94	86	26	8	4	67	87	42	3	66	53	40	69	89	88	33	93	41	70	95	23	98	74	57	6	86	0	12	68	14	71	24	16	25	67	35	48	89	97	74	4	15	16	66	7448	6	13	41	34	67	65	21	37	67	77	5	87	22	21	39	61	54	17	52	99	71	94	22	77	2	49	83	83	20	62	83	84	20	
32	96	27	52	4	85	63	49	62	10	34	26	37	41	33	43	49	83	28	17	27	21	83	44	35	81	93	50	43	41	80	63	31	7	2	93	48	6	91	63	70	52	58	5	57	9	76	98	29	15	10	18	40	29	3	28	8	73	23	70	66	93	57	84	79	34	43	83	64	96	53	76	19	61	3	16	24	20	73	44	61	83	79	39	90	44	58	31	39	48	8	45	12	61	20	93	1	86	18	46	98	13	11	90	90	60	28	13	98	23	35	26	65	16	7	22	5	6912	77	31	16	97	99	63	72	21	95	27	48	78	3	10	64	98	57	27	11	78	33	50	71	57	42	8	48	18	8	41	20	17	
58	47	53	49	77	11	4	45	36	19	35	23	99	15	22	73	89	70	54	31	81	78	83	31	99	72	64	48	6	41	12	16	86	28	28	28	73	29	71	51	57	1	85	77	2	7	75	9	94	70	97	13	24	52	20	1	57	15	39	31	88	38	89	97	77	6	65	83	4	30	1	95	7	67	35	78	73	32	77	72	40	69	94	15	98	34	13	48	60	14	34	39	90	56	11	29	38	15	89	70	18	53	67	52	52	13	93	80	69	81	33	31	13	45	38	18	19	30	7043	61	62	53	14	6	86	7	63	76	24	9	63	62	68	44	0	26	74	15	49	89	11	24	42	53	76	27	29	12	35	84	
23	5	72	18	3	79	75	20	71	77	61	24	38	0	77	17	82	4	77	24	81	81	91	94	94	77	67	6	36	30	46	54	46	75	30	27	83	1	80	19	0	84	66	15	90	96	73	66	10	53	14	57	82	1	55	30	11	44	68	17	71	48	30	49	39	46	9	61	9	56	41	16	18	49	70	21	91	34	48	78	69	51	67	17	62	17	23	92	50	89	20	20	75	37	61	44	69	69	71	47	89	76	19	26	2	92	7	2	20	28	57	45	4	77	28	23	69	83	5	7174	58	40	65	73	55	41	60	59	32	80	37	54	11	94	10	21	94	13	62	57	73	89	94	21	29	55	45	61	25	78	
86	4	5	68	48	59	4	52	5	21	63	46	25	40	72	46	66	97	33	43	91	87	92	21	39	79	61	46	95	4	49	3	76	90	12	77	22	48	70	72	50	86	18	56	41	83	75	26	81	7	14	42	19	13	15	67	2	91	87	18	94	53	10	55	77	75	34	28	46	93	12	14	87	78	93	77	61	96	31	24	41	85	41	3	29	43	97	68	28	92	73	66	70	65	72	59	43	51	25	76	77	47	72	20	32	70	88	43	82	44	37	46	51	82	10	93	51	85	46	95	7456	38	7	15	38	79	47	45	55	35	94	30	83	68	56	24	92	0	15	4	8	38	51	37	34	15	2	29	19	24	
90	42	13	61	74	27	11	43	39	16	38	94	86	67	66	2	39	0	35	38	96	18	66	67	77	75	58	79	19	9	55	1	63	59	98	23	42	0	21	36	75	22	68	27	92	46	25	16	40	7	99	65	13	32	97	76	86	46	53	19	19	74	51	47	59	31	32	94	70	30	50	2	87	59	94	15	16	3	7	32	81	62	81	61	29	43	38	1	47	78	95	81	41	2	31	12	98	31	19	60	93	33	13	77	48	69	47	57	46	71	86	88	8	1	32	32	78	87	49	32	85	7505	49	8	48	60	91	29	32	58	56	86	4	96	75	38	65	84	83	36	89	81	81	83	14	83	96	4	6	35	
24	28	67	34	58	93	53	7	64	85	1	66	57	79	11	6	19	84	29	91	86	6	10	25	53	55	92	78	51	86	4	95	65	4	40	2	6	80	60	64	18	48	39	5	72	46	83	92	25	19	20	50	22	45	78	57	62	59	38	13	63	5	18	65	7	13	2	66	72	65	2	61	24	18	9	54	42	57	88	65	93	55	28	36	40	38	4	97	74	90	82	29	11	9	4	9	2	59	38	29	64	92	6	6	44	95	39	20	65	79	9	31	89	12	81	21	20	41	89	45	53	15	6917	83	14	24	34	44	34	77	23	63	66	57	41	88	76	15	12	43	88	69	71	76	47	82	1	38	90	93	
78	63	7	59	94	46	35	53	93	87	80	22	28	50	11	15	70	82	82	4	56	34	71	38	32	34	57	29	78	94	19	26	15	32	70	6	42	90	10	45	93	9	12	59	85	0	23	43	64	88	39	49	86	85	77	81	5	81	0	68	98	24	99	10	57	52	16	89	68	46	5	37	22	48	21	77	17	16	17	17	91	57	63	68	53	96	39	80	85	18	80	44	48	24	1	17	46	83	25	91	74	66	28	94	78	52	59	81	73	50	1	34	17	45	70	44	41	43	56	56	3	76	33	7687	39	19	77	47	73	86	12	26	58	82	6	56	97	98	13	66	59	99	70	98	21	44	44	79	63	82	
69	68	83	31	20	76	11	30	75	71	15	99	87	48	6	88	6	26	32	8	17	49	77	74	21	92	77	41	1	26	54	31	86	3	31	50	25	29	25	54	49	18	96	72	37	95	38	42	28	93	96	40	41	7	81	15	21	64	2	16	99	63	77	91	84	40	16	37	71	25	66	95	26	37	15	92	21	15	22	56	55	70	68	37	7	91	24	82	93	16	7	99	81	4	56	12	10	55	62	5	39	88	20	82	70	96	94	54	10	84	55	70	23	42	54	35	3	91	32	15	3	73	10	52	7196	39	11	61	89	41	93	42	28	39	89	2	84	75	19	92	2	43	11	11	39	67	96	69	44	23	
41	59	1	64	76	18	88	43	25	49	29	33	36	99	89	24	93	13	99	44	72	13	55	83	92	56	56	0	81	34	29	4	78	11	14	89	6	83	65	70	77	97	32	70	79	67	14	24	77	77	4	84	99	56	16	16	49	97	22	37	13	2	83	34	24	44	40	69	52	75	44	90	45	9	72	93	30	9	82	75	67	99	68	59	49	99	83	96	34	95	31	11	78	68	52	31	68	57	78	85	20	58	29	85	9	38	87	88	91	21	94	40	27	47	85	49	34	97	71	33	87	57	90	26	59	8044	65	2	50	87	76	87	60	53	50	53	1	12	21	41	60	58	73	31	73	30	58	2	66	35	
46	99	60	16	82	10	56	45	67	30	77	62	89	49	3	69	41	72	62	32	70	74	0	76	48	9	60	36	66	96	84	91	74	52	28	40	15	85	71	8	30	87	13	73	37	78	77	74	8	31	29	90	93	9	17	50	99	90	60	9	53	13	41	99	71	76	52	38	25	9	31	70	11	23	19	56	77	66	67	11	68	2	97	43	24	8	34	71	12	30	91	52	75	73	93	12	36	24	69	62	8	46	12	72	78	24	96	39	20	40	88	26	80	65	85	81	13	85	38	79	31	87	92	46	8	36	7601	90	57	35	54	77	32	28	44	81	15	27	16	26	73	94	13	90	20	84	57	10	39	22	
75	48	45	4	17	96	66	21	18	98	35	24	26	26	87	44	30	91	28	94	2	50	94	73	4	44	10	82	77	50	40	61	18	4	42	79	40	48	62	24	11	75	66	2	29	16	62	26	9	84	70	51	94	90	73	57	31	92	17	72	11	90	95	69	33	53	33	76	63	70	94	11	78	20	98	85	87	67	62	90	73	27	87	14	75	65	2	9	91	88	95	10	15	3	78	7	34	36	25	59	83	4	68	21	22	13	9	12	75	72	99	64	3	33	97	20	28	83	23	64	4	4	53	57	37	65	55	7324	71	74	47	2	71	84	24	55	43	82	7	29	49	89	17	27	9	64	37	81	17	48	
82	15	25	58	76	73	20	56	47	84	37	47	18	79	52	12	64	65	40	50	21	78	76	36	55	30	66	35	76	46	96	20	49	99	53	60	8	64	40	82	61	39	43	29	94	72	42	79	97	13	13	80	82	69	92	7	77	30	29	98	33	72	31	61	34	92	9	61	33	57	33	41	33	34	95	44	91	89	92	8	89	2	79	63	12	82	25	24	17	37	99	28	49	54	22	53	8	23	58	54	6	17	3	73	62	28	40	2	80	82	1	88	34	8	92	45	86	50	62	77	18	8	99	7	64	69	67	23	7880	51	50	47	87	15	91	89	5	74	80	97	35	83	69	79	81	40	98	67	53	52	
63	85	27	69	72	57	67	35	61	57	96	83	4	81	71	31	38	78	87	30	42	72	33	96	9	40	97	15	48	69	12	37	13	41	36	33	15	81	50	23	65	49	7	72	41	28	81	92	5	84	7	86	37	16	52	14	74	75	75	17	2	97	66	78	1	7	13	26	80	64	58	29	0	60	27	12	61	47	86	11	8	88	75	60	37	99	6	51	73	77	63	59	55	73	95	68	29	22	89	6	94	40	45	83	70	75	24	49	53	27	5	87	39	41	53	48	48	56	37	71	47	91	48	76	56	42	90	23	74	7474	29	9	42	52	77	79	10	34	35	78	25	68	2	19	28	88	4	62	96	4	
70	68	57	42	54	9	56	20	91	48	18	23	49	29	82	98	47	66	4	82	75	41	41	53	73	1	96	49	58	94	27	59	40	80	66	53	60	2	42	68	89	31	34	58	31	9	55	94	46	48	42	60	64	49	90	79	44	59	90	38	48	10	83	95	41	63	38	18	46	11	97	58	95	11	72	47	3	90	34	67	0	37	95	14	21	16	72	12	63	74	53	14	20	59	11	27	66	64	82	0	8	95	97	62	54	39	23	0	97	70	56	28	69	17	0	58	70	0	79	94	92	50	58	53	51	83	49	24	37	40	7583	92	62	71	88	29	79	8	8	52	62	63	32	66	9	12	53	31	15	71	
47	26	31	69	88	59	40	14	64	12	11	77	49	72	39	25	54	12	46	34	35	92	6	51	16	76	77	5	34	44	26	46	38	89	28	5	46	18	43	29	69	77	37	32	51	83	87	38	73	31	17	2	78	69	20	4	22	90	73	0	97	29	12	30	76	9	59	79	87	78	88	23	42	90	14	70	42	57	23	28	71	42	89	68	0	51	78	92	8	7	32	71	78	55	99	55	51	75	6	26	96	13	95	35	28	1	74	84	27	3	74	6	43	87	29	79	49	84	11	91	43	79	86	78	29	56	69	85	65	77	94	7531	52	69	99	74	86	32	16	62	73	50	85	57	29	5	47	7	74	59	
12	42	90	39	32	96	17	99	23	62	72	46	33	63	16	62	27	16	98	49	47	40	36	60	36	77	68	85	82	10	51	74	80	61	93	31	42	21	71	49	13	33	12	92	85	34	69	26	87	35	51	45	39	85	87	15	12	88	11	56	53	57	50	92	58	37	2	37	68	76	65	31	76	78	54	94	91	28	60	20	86	66	39	84	32	59	41	26	88	65	72	76	35	47	63	28	83	17	98	70	65	23	30	45	4	45	48	89	6	37	69	64	31	13	10	45	71	38	56	16	45	97	54	32	90	1	78	73	30	62	98	82	7903	56	80	78	64	91	12	13	11	17	92	93	38	24	44	46	67	67	
35	71	11	57	77	46	70	31	77	20	6	80	89	37	30	10	67	97	19	64	6	73	49	41	97	29	92	21	9	78	77	62	13	25	83	82	8	16	3	42	70	45	35	90	15	73	94	95	72	51	9	86	47	89	76	8	86	29	56	85	55	60	32	8	35	76	1	59	15	8	71	79	73	36	40	7	83	32	91	33	73	81	21	61	82	74	39	73	57	81	65	80	80	58	24	23	40	35	94	85	66	49	46	62	26	33	94	70	22	23	61	63	34	15	60	0	61	37	69	24	58	23	77	51	12	8	6	42	22	83	41	92	63	7459	24	87	53	18	12	25	32	73	37	9	6	58	38	85	37	45	
5	93	7	2	4	86	1	25	13	23	43	27	77	8	56	30	39	2	44	90	47	81	39	45	47	63	22	17	27	66	87	38	5	49	94	20	80	3	53	26	32	9	48	18	98	79	34	19	48	4	10	33	40	5	33	80	29	95	54	35	70	40	43	86	94	3	80	62	20	3	6	8	16	98	1	92	85	18	21	71	60	44	14	59	12	11	22	55	64	11	51	7	58	90	16	81	30	84	40	31	94	62	89	7	91	94	16	5	28	5	66	31	37	94	0	31	67	45	66	52	2	10	40	62	31	13	3	99	79	37	19	50	8	60	6301	47	70	87	10	55	53	26	76	2	25	14	53	22	9	53	
10	48	78	98	70	65	13	55	9	63	1	4	44	65	76	96	85	13	23	45	56	82	68	48	84	14	12	97	50	74	52	82	33	19	49	5	86	1	62	81	6	48	27	92	91	32	32	66	36	97	64	89	95	9	18	38	38	18	87	31	46	31	30	25	18	81	48	80	35	41	0	48	50	52	58	82	7	79	14	64	44	44	60	13	41	85	73	25	87	92	92	91	50	78	74	68	88	52	19	19	59	26	38	81	25	74	55	87	90	5	47	42	18	32	48	70	73	98	93	10	79	43	96	95	83	84	13	26	99	62	90	59	41	25	26	8007	16	30	98	87	50	42	59	7	89	48	83	80	83	68	
52	63	61	88	93	76	46	76	0	64	61	13	40	13	72	14	24	63	48	87	41	6	22	81	24	85	63	11	74	72	47	67	72	41	85	47	45	5	62	61	18	26	44	55	81	16	73	23	2	36	76	10	46	23	9	15	84	67	67	26	20	18	19	30	42	20	67	36	88	23	30	36	99	57	54	73	39	1	90	77	81	69	74	38	73	11	99	63	64	50	95	77	31	84	68	9	93	25	11	38	97	29	77	11	84	89	89	43	46	32	25	35	38	89	54	0	3	57	52	34	71	82	99	0	27	3	74	49	81	50	69	90	22	67	62	56	7575	83	24	93	5	54	76	62	40	16	8	40	87	94	
36	98	3	46	83	31	25	21	65	55	78	42	80	16	26	83	21	20	95	83	39	64	17	73	59	12	35	12	26	54	68	60	16	65	18	22	2	44	9	54	11	83	93	44	52	81	37	95	16	7	39	42	48	76	56	47	60	37	57	22	10	3	98	98	92	79	22	90	84	5	91	19	5	92	68	8	33	53	80	58	62	74	29	25	10	1	80	58	6	89	55	15	63	43	52	35	82	41	44	99	78	63	88	93	41	3	74	51	9	43	43	96	46	80	4	36	31	74	43	34	72	29	63	9	79	58	43	96	43	74	67	11	52	6	27	21	45	7218	43	67	78	72	27	29	26	46	32	63	40	4	
35	40	47	43	9	68	67	26	67	67	59	43	7	94	29	80	45	14	17	68	1	97	32	79	81	28	48	10	79	84	6	64	53	56	19	87	4	63	71	37	6	82	35	80	15	44	69	64	39	83	45	36	50	74	90	88	36	17	17	61	66	65	37	21	12	73	48	45	61	79	37	89	96	55	99	19	44	61	33	74	46	22	86	31	89	68	86	57	50	25	14	38	61	1	93	86	68	79	95	31	31	26	46	5	56	88	35	23	20	62	42	82	1	37	77	30	9	65	38	98	7	92	18	87	49	33	13	36	78	33	8	89	48	90	82	21	40	83	7663	88	21	11	19	73	14	73	81	40	88	95	
3	24	21	2	18	60	89	73	93	96	97	94	85	63	53	36	17	63	17	88	3	33	96	29	41	20	74	19	25	81	47	99	9	83	58	97	67	12	49	94	28	7	33	85	53	72	41	44	54	73	2	98	19	66	57	11	97	87	92	98	50	28	29	10	95	33	45	20	96	99	77	36	53	68	46	38	84	22	6	11	99	86	17	32	48	38	85	14	58	87	10	19	70	17	33	8	89	23	3	19	3	3	28	30	93	25	4	29	99	43	54	53	37	82	80	29	31	91	94	22	86	84	86	41	37	52	38	44	28	63	80	25	39	19	39	53	15	32	15	7418	49	14	71	25	91	41	13	86	2	76	
98	92	14	78	13	63	85	14	10	27	3	99	99	21	91	70	85	3	4	23	35	74	96	71	88	1	39	37	91	92	61	38	43	29	41	15	7	25	52	79	39	46	50	22	88	60	79	1	81	14	88	7	26	14	63	80	13	15	56	48	19	90	30	29	0	59	98	29	18	22	69	38	7	90	16	39	1	92	91	96	37	19	66	52	47	38	76	14	77	62	33	41	74	18	51	17	50	60	11	87	67	55	4	19	57	10	8	19	33	53	19	6	90	66	17	10	30	37	7	11	64	13	12	18	49	55	40	12	52	88	13	95	65	46	74	65	14	98	36	94	6724	72	3	5	84	15	53	5	30	3	
26	65	52	34	45	60	46	93	80	3	5	97	27	49	85	5	78	69	62	39	4	32	4	31	15	70	39	18	29	95	53	68	34	80	40	72	31	46	25	58	3	74	57	89	60	74	52	14	40	63	19	57	20	47	34	43	81	41	85	56	77	62	66	57	96	46	84	64	84	40	27	31	21	78	32	83	10	25	89	30	92	68	32	94	56	10	41	23	34	60	50	7	50	27	82	53	96	47	36	16	16	29	77	56	24	67	64	37	24	10	70	95	58	71	42	54	90	72	65	44	92	36	5	79	49	73	70	7	66	34	25	63	42	26	29	94	22	68	63	41	92	7504	59	71	81	60	31	74	7	6	
88	57	49	66	48	43	45	61	18	29	36	26	40	16	67	34	87	81	50	89	86	4	55	18	33	63	68	66	88	26	11	73	88	22	18	97	82	79	11	79	72	59	89	23	17	56	11	4	61	15	84	4	23	17	84	69	73	50	35	52	29	5	76	77	97	95	7	3	90	32	90	77	68	50	0	81	25	23	11	76	22	61	87	26	10	31	47	95	30	83	40	11	98	2	80	78	78	40	49	39	38	17	34	38	53	15	21	43	32	44	6	53	28	10	51	42	66	78	68	9	62	50	36	6	93	82	28	89	78	5	24	97	32	51	80	34	25	90	9	93	34	49	7372	95	81	4	35	89	7	57	
18	72	63	50	81	11	41	12	21	27	61	79	22	38	90	92	73	31	58	28	31	95	40	71	27	39	5	43	14	21	46	81	22	48	85	19	21	17	51	83	10	4	97	39	97	90	90	21	52	31	97	17	34	79	23	77	99	69	30	56	9	88	83	46	17	94	65	83	61	38	16	17	88	68	89	36	22	86	78	12	98	69	97	21	89	46	0	50	94	91	47	90	42	25	49	16	96	26	40	25	41	1	11	48	52	33	65	41	38	60	52	0	68	74	39	59	29	24	84	87	85	73	80	4	30	46	24	5	78	12	0	70	85	68	82	97	89	54	41	34	32	75	10	7547	9	84	55	60	64	6	
40	74	63	1	67	32	64	59	14	76	5	53	45	94	98	43	47	16	7	16	68	68	27	57	22	1	24	96	24	16	82	96	48	92	61	73	82	84	91	12	41	32	99	29	59	44	47	78	68	44	48	16	71	58	12	65	11	16	2	4	58	21	77	92	79	68	83	77	98	3	8	5	2	85	43	10	87	57	39	77	20	13	17	79	10	23	22	9	73	23	7	69	47	53	16	67	59	84	89	49	39	16	21	99	41	96	70	98	50	35	98	63	56	91	35	66	26	62	85	71	29	49	9	36	10	6	85	81	33	58	95	9	96	27	76	58	21	63	54	47	75	57	44	95	7561	75	4	92	70	20	
97	59	86	94	5	47	48	74	94	8	34	62	97	10	21	12	18	2	69	93	65	27	48	97	6	15	88	13	59	31	52	70	8	30	19	32	92	28	89	34	5	78	83	32	8	20	93	4	46	29	34	29	50	82	6	45	96	94	82	95	53	73	58	72	92	67	95	9	37	63	55	84	83	95	37	30	87	78	15	58	51	42	66	88	12	55	81	4	33	72	6	32	47	99	18	55	73	90	22	56	63	72	82	42	1	72	92	69	70	10	72	45	41	68	74	45	57	67	65	27	92	58	99	94	1	21	89	8	46	70	37	89	47	80	16	27	65	9	69	67	9	14	59	37	32	7747	22	24	67	49	
96	83	11	33	27	95	92	38	17	77	39	2	7	21	55	83	19	19	29	87	2	12	62	84	70	72	65	40	97	19	70	76	24	84	20	73	29	97	72	45	99	64	18	48	92	1	36	86	66	81	49	90	61	2	67	99	44	13	44	18	52	72	41	45	96	44	97	78	79	90	60	3	43	48	23	24	3	58	71	74	16	65	8	18	11	61	17	1	95	10	92	7	93	40	15	69	55	51	73	0	40	15	97	47	95	68	53	48	88	82	50	73	13	93	35	76	78	87	39	65	23	56	22	88	40	89	16	30	80	24	8	60	22	64	99	89	41	34	5	63	7	47	66	54	5	87	7748	24	93	65	
12	92	47	10	99	93	40	43	88	17	57	19	97	52	17	53	90	28	60	94	74	37	86	58	66	0	75	3	20	8	34	49	4	34	15	15	79	72	65	4	81	9	12	46	51	38	38	55	21	36	64	65	15	68	47	36	71	43	55	57	86	91	20	61	19	13	27	26	57	9	56	13	59	63	86	53	90	72	10	10	62	44	64	14	80	41	98	48	40	40	26	38	33	22	33	29	13	58	89	54	27	52	93	55	17	57	47	58	43	94	75	94	73	66	48	64	61	80	30	23	57	32	23	99	74	33	75	18	81	95	7	0	40	66	39	97	28	94	98	76	97	92	23	58	95	45	46	7532	4	58	
57	51	28	19	11	75	72	92	31	3	86	26	23	44	97	83	37	75	50	85	41	73	6	63	95	7	57	84	17	59	61	21	57	61	30	90	39	70	67	56	17	99	89	62	72	20	43	61	19	54	61	46	82	81	89	94	68	6	78	64	83	98	27	22	4	71	44	47	38	87	31	61	92	70	98	63	55	35	10	65	28	5	31	98	46	64	7	34	54	31	49	52	84	91	74	58	17	14	73	76	53	13	22	81	51	94	68	16	3	89	64	7	88	49	97	25	41	23	49	53	97	30	8	21	93	0	4	16	25	93	52	91	56	32	18	82	95	62	54	78	68	11	76	50	30	13	93	79	7926	88	
8	20	67	96	78	13	17	0	35	63	96	83	50	38	52	41	78	63	39	46	46	0	56	73	47	94	74	52	84	11	86	18	75	15	83	17	37	66	96	93	12	8	87	33	74	83	50	69	42	40	7	99	9	96	40	29	35	26	82	43	31	54	1	61	50	55	61	8	44	32	83	1	59	76	75	66	62	68	89	88	61	46	89	97	74	87	43	99	67	11	39	96	85	32	50	87	85	80	65	71	84	20	89	87	76	90	11	82	77	57	1	40	13	80	54	28	72	55	38	55	26	80	85	9	78	73	7	94	47	73	4	8	77	90	51	95	19	15	64	9	18	5	42	76	60	42	49	40	10	7962	
