6 68 37 9 39 66 43 16 95 8 88 2 18 17 39 65 68 83 47 78 7 62 77 7 56 68 48 96 19 38 44 69 85 74 6 96 49 76 89 73 34 64 42 14 87 25 26 88 1 83 53 45 2 92 86 16 97 88 97 73 7 61 45 80 8 21 0 84 96 96 27 70 91 15 22 19 29 90 45 19 92 20 92 82 28 74 84 58 56 12 31 83 34 1 69 4 48 70 80 32 
20 59 22 9 90 81 41 40 87 81 76 99 91 53 99 73 46 7 69 18 27 8 71 69 21 70 37 47 4 18 64 97 29 81 37 63 32 51 66 14 15 45 91 43 26 15 75 39 91 14 6 73 0 48 88 22 79 57 72 48 3 98 45 63 73 66 12 2 50 98 3 77 40 84 20 80 58 16 77 73 8 36 32 37 90 31 3 72 59 28 47 43 78 71 17 40 51 76 62 3 
91 54 98 89 92 23 51 75 80 17 4 62 7 36 50 19 14 57 42 6 15 40 50 99 68 24 12 61 54 41 15 16 97 55 35 66 65 40 42 56 66 95 64 15 39 95 57 97 29 90 1 90 22 7 3 33 25 55 33 98 3 92 52 85 83 68 45 41 41 40 95 4 32 44 10 40 85 65 91 37 14 34 76 25 20 92 34 69 35 26 76 9 45 10 16 14 34 88 13 42 
73 8 58 19 35 24 77 87 32 41 68 60 63 43 64 87 6 57 30 85 52 98 28 13 85 90 74 25 85 87 66 82 68 70 58 98 20 94 89 95 28 1 21 40 56 59 92 38 82 65 80 89 32 55 34 57 93 20 39 97 77 29 95 35 1 35 89 66 26 68 0 95 50 69 21 2 32 19 54 76 97 85 17 40 16 78 33 7 55 49 57 8 2 46 8 54 19 25 53 57 
82 80 18 80 6 34 86 1 80 66 76 28 52 1 8 67 81 86 52 27 53 71 29 96 71 43 37 23 68 93 88 63 68 95 34 87 37 22 66 11 10 76 82 16 24 68 3 41 16 73 9 29 57 61 7 8 61 0 27 32 78 19 44 44 71 73 71 39 54 49 11 65 40 72 81 68 20 79 80 78 76 3 3 16 5 29 12 20 78 19 65 93 6 6 31 67 32 83 50 90 
8 79 79 72 20 37 7 85 18 11 74 30 89 88 26 20 20 32 46 63 14 66 63 33 19 23 62 94 97 90 42 76 94 58 47 65 32 41 59 32 24 41 1 56 99 72 32 91 21 47 91 93 33 80 26 79 27 57 49 87 53 5 53 61 99 52 60 17 55 19 19 93 7 78 39 28 74 64 7 99 80 56 64 29 74 82 88 51 89 93 94 21 36 99 46 85 24 77 24 80 
25 29 52 59 84 61 0 94 99 88 38 36 21 8 99 93 5 29 84 47 85 22 45 41 5 62 97 4 13 14 3 89 82 96 12 95 28 29 84 23 48 76 2 88 94 66 90 37 2 75 28 21 72 86 99 83 92 69 99 85 3 15 41 25 64 53 66 29 81 84 11 35 62 85 91 89 92 88 84 82 76 99 82 52 68 33 48 70 81 79 92 29 85 25 33 80 34 30 48 17 
66 34 94 50 29 42 69 30 45 3 91 66 13 90 48 22 75 59 51 67 60 48 82 66 9 24 85 41 55 22 26 55 54 88 19 48 90 22 0 21 61 36 57 56 99 40 35 14 46 12 33 70 95 62 28 5 39 58 6 96 10 84 96 91 23 2 3 74 19 20 18 3 74 26 67 88 58 98 43 50 75 49 30 8 50 6 48 7 86 42 92 4 84 65 50 15 74 84 81 84 
60 91 78 94 60 53 13 68 46 22 92 8 34 15 60 53 91 89 31 48 91 67 3 48 16 3 5 22 6 53 54 57 43 4 92 58 40 61 57 40 53 90 89 98 53 84 63 26 18 36 99 38 42 1 5 8 39 43 3 3 88 31 23 57 48 49 76 33 69 69 79 42 4 27 59 7 10 55 87 50 69 3 56 48 22 37 31 78 81 12 31 78 40 76 28 57 70 7 37 97 
83 58 99 28 20 97 93 75 0 64 9 50 83 25 43 8 89 10 67 41 84 61 8 30 82 42 81 22 73 71 96 29 76 55 47 61 32 4 65 5 83 27 18 1 14 22 41 54 75 69 64 55 75 36 78 93 99 81 76 91 96 67 75 2 18 58 30 45 14 6 13 83 11 85 69 11 9 21 50 73 7 25 40 81 61 41 39 54 26 17 99 40 30 74 35 31 44 30 0 24 
58 31 41 97 29 21 61 46 27 12 19 65 9 20 50 70 82 7 96 3 71 99 49 9 14 27 60 21 77 19 6 31 41 12 17 96 71 31 2 38 72 99 69 31 76 59 13 52 70 88 37 90 77 35 42 7 47 82 99 66 30 42 66 99 26 53 59 49 66 9 65 16 72 31 9 44 25 64 87 76 10 16 80 67 85 50 37 95 49 56 20 17 99 92 51 50 21 84 17 52 
78 89 98 79 49 89 33 37 1 61 30 59 35 72 79 3 57 20 79 1 84 18 49 2 63 71 77 85 9 79 45 71 2 68 74 82 8 5 66 62 26 77 46 45 53 10 79 91 82 90 1 42 1 83 15 50 16 36 0 52 74 82 5 46 48 98 33 99 10 40 70 85 18 81 98 57 21 36 11 40 19 45 48 85 64 27 36 20 80 86 10 11 22 77 60 29 47 67 89 1 
16 37 78 16 93 60 95 18 63 18 90 64 49 75 97 47 87 53 2 99 59 26 86 88 18 34 41 19 41 90 11 72 58 32 92 50 2 81 19 96 40 60 82 28 66 40 98 46 15 15 56 28 2 84 71 78 64 37 73 39 53 56 64 43 52 77 7 92 25 96 83 65 90 20 72 89 87 11 4 17 61 29 41 61 28 88 32 10 34 28 68 59 22 47 58 7 39 67 11 62 
37 20 13 97 85 66 77 88 90 67 39 46 35 18 37 85 71 92 19 64 22 80 14 55 45 34 31 73 53 62 48 47 48 95 4 27 22 12 28 2 13 21 82 49 33 27 34 92 91 54 16 86 14 39 59 53 20 82 76 96 73 81 14 83 23 38 36 1 10 96 18 36 17 3 15 96 16 25 90 48 4 77 8 1 62 18 48 20 0 10 38 4 34 82 92 48 0 44 71 52 
77 75 50 79 1 77 60 47 2 34 17 25 63 63 95 48 18 37 94 37 55 44 25 87 47 43 8 6 51 57 31 91 63 53 20 1 27 44 48 69 72 49 6 47 32 69 62 74 81 29 37 49 69 32 96 32 66 91 52 11 83 7 2 23 79 21 57 24 90 17 26 21 82 65 39 20 48 84 63 29 7 26 95 93 61 66 6 89 11 17 91 21 21 72 55 71 97 77 0 76 
80 98 21 19 23 13 54 97 85 49 22 65 88 6 40 45 8 94 53 79 66 84 93 69 35 17 74 39 61 4 65 24 94 27 36 30 69 78 38 88 53 3 60 50 5 57 23 65 80 36 2 62 86 64 14 27 74 16 84 41 83 54 82 26 70 81 65 23 39 53 93 74 26 2 45 90 20 52 21 28 94 70 24 30 1 52 85 30 30 76 71 83 4 66 77 98 12 65 54 59 
36 66 17 21 34 56 89 84 44 53 92 19 31 19 81 51 36 43 92 21 49 28 51 80 23 9 3 35 35 4 28 17 79 10 75 81 91 86 64 65 1 21 37 70 37 89 20 99 90 31 74 43 29 44 44 40 14 53 14 35 26 26 18 52 32 86 59 23 42 57 76 38 49 75 5 81 25 4 62 49 4 81 77 65 87 95 3 79 67 59 91 89 35 85 20 42 32 67 90 86 
61 68 79 80 55 62 11 73 60 69 58 45 58 11 9 60 22 29 87 49 36 4 92 49 11 7 83 79 43 8 28 18 16 80 93 76 78 92 7 23 88 70 97 51 67 39 17 79 6 68 77 87 94 23 44 35 35 6 91 17 4 44 58 68 50 54 30 6 88 56 84 48 96 85 29 84 19 76 28 94 44 41 44 27 18 7 40 83 27 0 81 48 87 10 10 15 37 45 32 43 
84 40 16 33 23 74 33 57 55 30 22 66 38 32 11 66 46 32 80 28 57 53 38 22 20 92 38 50 1 86 23 19 48 63 21 49 8 89 78 89 63 54 0 22 7 86 7 28 35 29 46 96 77 31 94 3 85 63 48 78 73 6 98 38 73 89 34 32 81 75 27 34 81 28 71 57 9 28 94 3 73 76 9 34 31 21 99 61 49 90 21 56 97 8 77 37 71 92 32 93 
16 45 20 76 47 18 52 51 23 86 95 1 64 20 37 95 57 31 2 89 39 29 31 88 9 69 49 92 97 63 84 12 70 95 43 37 21 61 92 22 57 13 28 37 82 72 58 89 80 79 72 70 95 41 1 66 29 30 1 49 2 36 50 0 29 61 78 35 84 4 70 1 7 23 52 40 33 47 75 97 62 37 20 36 19 47 60 36 60 44 64 4 79 15 70 43 71 71 85 51 
61 10 30 93 43 66 25 99 30 84 41 85 0 2 76 10 85 99 88 94 9 37 95 68 81 28 65 44 61 27 19 69 0 59 70 36 98 10 9 72 10 63 19 93 95 41 33 93 1 57 97 40 18 10 98 97 26 20 93 58 78 29 90 11 92 6 94 54 66 25 41 50 14 91 73 93 29 84 11 18 19 5 47 36 72 64 91 2 66 12 46 80 6 11 53 71 62 20 79 89 
79 12 98 30 28 14 20 63 45 67 25 29 70 86 57 42 92 62 96 58 89 98 60 85 39 86 16 73 16 25 59 68 48 15 49 91 16 49 64 20 28 64 87 88 89 90 15 35 62 87 83 85 75 2 58 42 44 91 24 8 59 58 35 18 89 20 41 56 8 16 94 66 73 11 2 53 16 80 1 34 32 83 55 99 20 91 76 10 14 6 84 78 96 94 31 24 70 30 8 82 
49 13 81 31 1 57 52 7 84 14 69 95 77 97 7 49 4 81 86 32 95 82 35 34 66 81 80 53 63 49 63 86 6 7 20 0 23 63 27 64 4 9 13 95 94 72 19 7 0 41 16 35 17 93 21 98 95 23 25 28 37 24 16 17 52 41 47 21 11 78 83 28 65 1 48 99 13 78 0 64 69 86 83 83 51 8 47 93 54 17 79 11 24 36 45 46 83 27 47 8 
5 51 52 36 90 26 90 64 15 12 43 39 31 62 22 12 99 88 88 38 96 21 7 86 4 47 80 71 35 29 0 11 21 87 20 95 6 74 68 27 7 93 36 92 55 87 81 19 17 66 84 81 83 55 35 50 34 3 46 55 74 31 12 3 11 66 40 20 38 27 55 28 38 83 21 75 96 11 48 2 29 54 48 0 31 47 67 49 47 64 54 0 82 62 82 85 35 72 33 64 
73 0 94 68 28 96 85 34 49 28 48 86 17 72 64 21 16 78 76 8 23 79 32 59 47 48 49 32 25 59 74 50 29 14 13 33 84 17 10 7 30 92 16 4 94 21 76 10 60 42 62 62 4 65 3 75 57 26 92 91 66 5 91 37 60 32 28 40 10 33 54 68 51 3 26 19 48 14 68 15 42 67 29 84 49 49 60 19 16 66 42 97 27 82 57 56 3 75 25 53 
88 75 87 12 20 10 75 8 64 73 29 32 27 86 38 12 21 82 10 74 99 95 34 74 32 53 9 90 82 47 14 91 66 58 62 88 44 98 26 6 79 76 30 66 65 24 95 64 93 81 72 36 83 64 48 98 95 92 2 48 45 62 75 54 48 64 44 35 8 87 99 52 45 46 23 9 31 24 91 58 24 79 72 64 30 59 39 84 98 97 74 49 30 97 96 29 33 82 43 56 
42 80 33 72 92 16 76 45 4 35 19 23 56 32 69 83 81 9 22 1 99 7 22 55 78 19 21 61 79 19 23 95 78 40 47 1 53 25 68 28 88 56 77 70 76 6 15 94 75 56 45 33 92 14 7 62 11 97 94 82 15 55 37 63 21 58 65 67 81 27 82 39 96 65 97 79 44 3 15 38 90 85 62 14 65 20 4 2 17 87 72 86 97 75 75 81 81 75 1 98 
19 54 74 75 64 93 19 36 80 34 43 98 74 52 35 25 88 24 46 78 65 7 86 41 88 34 2 52 82 81 39 61 70 5 8 12 67 69 75 34 70 8 99 45 7 29 3 7 17 9 55 40 87 65 87 78 52 62 2 67 32 65 16 73 2 99 64 33 95 89 65 32 14 84 99 16 11 84 99 6 72 11 65 99 81 83 9 75 7 93 49 17 53 73 14 29 31 8 69 53 
9 92 50 52 71 62 2 79 28 49 1 56 27 11 26 9 15 15 94 11 66 57 71 30 73 28 7 0 0 81 32 5 34 93 17 98 87 8 89 42 41 50 61 62 10 82 21 15 56 85 15 81 35 70 79 32 58 14 1 84 29 6 17 35 40 77 10 63 27 63 69 15 93 89 96 84 64 28 37 87 77 76 72 15 56 71 71 40 0 55 87 78 41 76 79 41 73 95 94 67 
61 55 25 36 81 80 48 2 9 88 17 60 0 57 53 38 24 52 90 81 55 47 21 56 66 80 35 75 47 79 14 35 93 35 49 79 46 43 86 58 51 12 69 48 97 66 16 85 29 61 61 33 56 84 55 71 64 87 73 10 76 21 84 65 20 60 43 72 37 95 6 51 79 54 91 55 35 70 55 30 28 67 74 18 40 90 81 99 75 43 70 65 62 13 71 37 91 34 33 46 
3 19 35 98 16 88 16 59 21 16 1 53 10 57 64 78 75 24 31 84 71 6 64 29 16 9 71 44 44 17 86 85 39 67 17 17 75 89 49 54 19 46 19 64 94 24 18 89 20 42 34 97 73 72 1 60 26 57 77 57 31 70 90 15 45 92 55 69 8 55 51 28 35 52 23 45 49 65 22 4 74 72 15 11 65 44 63 2 3 3 79 95 10 86 41 53 90 48 35 20 
84 92 54 83 57 92 18 34 0 91 82 56 40 38 19 37 53 66 77 66 76 65 34 51 76 12 6 93 94 2 22 35 54 6 89 62 62 77 73 10 56 95 47 97 15 87 93 47 46 24 99 11 12 54 89 59 54 11 41 8 76 22 32 85 74 49 12 23 41 61 54 2 21 55 30 91 93 94 14 98 95 57 87 50 40 23 40 87 57 33 70 85 51 66 80 18 27 58 61 8 
30 66 69 29 42 2 6 79 53 22 53 92 3 38 49 15 88 86 63 5 76 38 73 68 81 55 32 64 65 22 45 55 2 54 70 71 41 1 5 75 14 69 82 92 41 74 84 84 23 64 28 74 71 53 77 45 52 99 63 82 12 13 32 5 75 33 91 61 48 30 88 51 6 55 0 76 75 22 63 45 60 81 73 94 2 56 18 90 51 76 45 50 64 62 0 83 12 49 64 45 
28 53 4 73 24 52 1 84 66 4 12 25 40 39 41 42 59 1 85 27 67 30 23 2 84 55 46 51 23 0 86 50 64 97 56 57 36 47 11 58 62 78 13 78 39 68 33 17 8 45 32 91 50 80 71 13 15 54 55 34 64 78 48 60 6 88 17 75 26 26 5 0 17 63 18 97 45 14 3 5 70 1 89 54 2 6 47 60 86 37 49 72 25 12 86 24 70 77 35 49 
23 13 10 1 41 81 70 32 83 16 72 0 78 2 87 8 90 85 38 20 45 90 49 62 3 13 22 77 72 75 33 90 35 38 28 69 10 57 44 94 1 44 64 3 58 9 57 27 39 49 12 62 52 79 74 91 94 72 32 32 99 46 34 58 49 16 27 44 9 59 74 56 44 28 58 95 13 51 99 37 13 55 79 8 71 48 41 38 43 69 59 53 54 99 81 74 68 66 28 91 
85 92 40 81 27 11 86 91 11 28 50 79 65 15 9 87 75 50 15 71 97 46 52 46 18 64 21 94 5 59 75 92 28 37 74 83 82 43 87 60 51 74 84 82 79 24 21 95 97 91 1 60 50 37 58 71 91 24 54 36 46 67 92 92 74 49 88 71 84 15 93 47 43 90 70 84 79 14 55 73 42 34 22 56 42 26 29 79 98 23 81 58 48 45 37 24 54 81 19 67 
22 30 54 16 82 90 52 86 56 86 88 60 71 59 9 79 89 46 83 56 15 88 53 86 88 24 6 59 33 44 31 37 10 12 3 92 36 20 80 79 46 59 47 63 29 59 77 62 95 59 40 46 90 59 67 69 60 64 60 75 49 33 27 11 37 13 58 62 91 76 35 63 71 50 7 71 98 71 63 97 43 31 93 38 7 11 26 81 19 25 56 60 57 90 56 71 42 71 88 71 
47 42 29 26 59 77 63 56 35 43 56 95 49 47 65 84 5 90 68 72 86 94 39 61 6 68 19 38 18 87 42 2 95 84 22 38 88 30 2 42 23 38 85 14 69 9 72 85 75 23 17 84 90 90 18 74 7 31 71 19 15 26 3 71 76 14 88 39 3 23 38 22 36 46 35 24 74 20 52 24 10 59 47 4 41 77 33 94 64 0 42 92 62 13 23 8 59 50 44 74 
81 0 47 94 71 24 25 99 47 31 41 23 11 18 94 60 59 70 24 52 29 1 56 97 90 99 31 26 38 6 96 84 43 26 12 72 47 14 59 58 65 17 22 75 72 49 75 14 55 85 81 44 25 47 67 41 96 55 53 71 70 66 37 70 4 82 0 85 7 73 8 34 66 54 7 20 6 32 51 99 19 98 60 56 17 43 50 43 68 44 51 17 78 72 11 80 50 93 73 19 
12 41 38 2 91 36 35 22 59 95 13 93 17 47 81 79 62 41 57 12 97 78 34 46 7 37 56 86 63 50 72 12 51 30 81 29 31 15 44 78 10 22 81 28 69 7 66 81 14 35 22 54 2 76 39 21 72 56 42 84 33 74 12 30 17 21 44 6 36 90 64 30 44 66 31 53 74 77 9 9 97 42 15 75 16 69 52 54 99 7 88 59 1 73 90 93 32 16 10 62 
24 6 47 36 76 5 63 74 32 20 47 90 41 22 82 27 78 64 18 23 73 19 13 19 55 79 69 55 89 7 94 98 50 0 73 61 88 36 91 72 91 28 83 99 82 70 92 41 53 59 61 44 33 36 84 84 68 63 35 8 49 31 87 9 65 84 66 91 15 44 14 8 63 83 6 24 4 28 42 67 11 59 21 70 97 38 8 44 90 15 45 72 38 48 56 58 95 94 55 23 
40 30 0 83 46 1 19 76 82 11 5 85 26 86 73 34 21 21 19 73 40 75 45 67 83 60 3 29 23 31 39 51 34 47 92 71 84 44 35 46 65 63 41 66 59 67 73 20 81 56 64 13 32 5 89 90 82 70 11 30 1 57 13 22 68 89 64 60 23 97 79 29 33 75 21 48 50 4 30 47 68 12 75 65 87 81 40 76 57 71 38 46 7 53 83 55 65 22 50 52 
67 94 73 24 47 78 78 43 26 48 11 70 31 74 22 86 15 96 98 9 80 91 70 5 73 39 89 61 51 23 45 18 3 71 0 66 72 57 76 62 62 12 63 49 24 38 17 14 63 38 83 36 37 37 83 83 77 51 71 88 32 29 4 47 82 73 95 81 77 30 74 42 97 32 55 98 89 70 6 18 74 44 68 37 41 77 16 4 57 14 98 89 53 25 77 17 51 17 48 2 
21 72 37 17 73 98 19 78 5 99 1 34 66 20 2 50 56 73 1 83 38 39 47 60 67 28 64 81 78 92 3 50 4 83 78 23 28 22 10 48 56 62 45 99 95 60 33 44 10 27 47 72 75 31 46 89 12 7 64 32 74 97 63 61 96 14 93 3 37 37 35 8 19 37 87 96 53 4 87 66 50 93 97 63 79 96 34 66 77 58 17 89 71 27 17 97 15 21 6 52 
76 65 74 62 89 12 91 24 50 92 55 24 82 96 67 65 49 8 7 48 11 75 52 9 74 28 19 34 30 89 49 64 21 36 66 21 76 74 17 82 45 78 74 29 39 53 51 92 79 87 43 66 51 35 83 12 40 20 51 41 24 86 47 4 18 5 48 4 4 42 58 22 27 19 28 80 77 62 89 81 84 77 84 22 72 8 25 54 83 52 53 35 92 47 79 85 8 93 34 70 
18 56 57 72 48 53 76 86 60 41 30 74 20 4 93 83 14 10 24 31 72 80 57 34 40 92 7 10 35 55 26 71 63 55 90 71 26 56 0 62 43 84 15 68 46 31 29 77 47 69 30 39 13 34 21 98 90 81 71 94 76 4 54 92 33 27 67 73 4 65 86 31 90 94 40 17 20 79 66 7 45 21 83 5 58 19 14 24 71 43 9 4 61 20 7 62 94 23 46 2 
77 41 76 81 78 52 60 78 73 26 24 55 74 25 1 45 4 8 32 82 26 97 64 45 28 1 4 89 42 42 82 7 24 68 9 50 53 56 48 91 86 91 82 21 46 37 70 80 36 76 62 93 91 17 57 23 78 66 31 42 54 76 51 94 43 99 1 85 0 6 81 31 93 61 38 44 30 5 69 66 28 67 56 49 38 5 10 44 66 50 82 74 36 34 87 79 35 38 14 57 
41 11 41 9 20 64 10 66 7 8 69 23 51 96 2 51 98 5 26 35 93 55 63 35 15 30 5 36 42 96 4 38 53 58 78 45 55 1 15 21 76 90 89 98 91 74 18 78 77 96 49 97 88 1 34 33 26 42 59 99 16 73 92 64 18 97 99 54 8 75 29 75 82 61 84 12 50 38 52 52 74 39 97 1 9 82 22 21 34 21 60 10 78 30 81 93 54 48 38 31 
32 3 55 96 28 92 39 3 26 34 40 45 40 78 33 91 95 25 22 41 82 84 66 25 32 32 88 11 94 99 25 1 68 50 80 62 85 11 90 14 57 76 87 55 75 21 42 35 5 11 44 80 17 62 46 62 40 28 65 71 62 48 61 64 2 53 13 2 21 65 45 49 22 0 83 36 70 99 89 44 65 99 63 52 6 40 89 84 46 51 16 5 47 15 83 63 66 71 33 16 
3 52 49 6 57 28 44 59 54 92 92 80 21 47 66 51 72 3 31 29 79 92 27 58 24 2 29 63 58 38 73 29 62 65 49 5 66 83 58 48 25 31 79 30 55 52 50 54 34 3 65 30 94 63 41 41 49 46 4 69 47 8 49 74 8 1 69 42 71 0 39 29 13 27 78 90 42 9 80 7 17 82 85 10 10 78 23 0 42 80 11 19 78 88 97 57 9 3 16 85 
35 81 90 99 71 98 45 33 34 97 93 74 68 88 65 0 26 69 17 20 89 83 17 92 31 16 33 74 15 58 84 65 60 20 4 93 32 48 7 43 97 64 26 3 18 41 44 21 52 59 50 79 85 87 52 62 41 38 76 43 23 38 8 71 65 35 43 36 9 50 92 3 89 92 60 35 15 32 82 95 3 35 79 12 14 33 97 86 14 63 19 22 6 65 19 3 21 94 0 13 
48 9 18 46 74 79 49 85 97 52 62 38 3 34 42 13 71 58 40 77 31 15 52 52 31 21 28 82 90 95 37 85 63 57 69 97 37 1 16 74 33 29 67 0 54 32 65 33 85 64 1 40 49 89 52 58 87 5 13 90 98 19 98 85 85 26 0 74 77 64 9 91 64 60 44 50 19 46 64 14 28 67 58 79 26 84 81 46 19 91 93 94 0 4 26 22 97 69 70 6 
18 58 85 62 84 52 82 10 54 25 11 1 48 82 29 33 82 61 62 3 36 48 66 61 88 72 98 90 76 67 49 17 33 42 72 19 61 79 69 14 97 12 32 87 94 43 81 22 65 85 69 14 45 52 55 28 23 34 23 23 69 44 32 23 23 54 45 17 68 93 44 66 65 11 46 7 92 47 69 64 15 3 33 48 24 11 57 72 52 37 77 17 95 92 94 95 31 44 13 92 
14 44 37 21 20 52 64 53 54 76 30 12 57 85 87 50 96 63 63 47 21 4 29 95 83 23 79 4 76 89 30 61 86 15 2 43 83 27 11 82 40 66 96 23 19 75 59 79 52 10 65 9 35 25 23 81 53 87 83 86 3 29 78 38 0 82 34 29 91 54 63 53 14 67 29 25 99 99 54 68 82 92 91 42 65 21 52 62 2 31 44 84 24 63 61 34 59 64 16 67 
11 97 71 35 31 51 61 38 8 13 46 43 60 29 70 46 48 61 28 75 52 33 99 24 3 30 38 48 21 8 13 5 39 84 65 31 47 55 94 16 57 58 83 5 17 39 90 90 86 57 99 13 84 30 27 26 33 90 27 37 30 3 3 82 30 87 71 19 25 88 66 21 54 13 30 80 83 8 62 57 18 55 90 89 50 22 60 27 98 70 8 38 85 93 26 30 88 24 65 55 
11 41 42 5 95 59 77 98 91 7 94 51 78 96 18 42 96 99 27 48 53 99 62 45 49 70 94 12 75 72 61 47 32 88 8 59 17 77 22 5 8 37 38 73 66 72 47 46 14 57 77 99 7 82 25 60 60 55 66 55 67 77 26 17 96 24 11 90 56 24 74 60 92 73 17 85 34 37 27 68 65 12 16 7 45 56 40 94 86 42 28 18 48 74 97 18 20 98 13 96 
53 3 84 54 36 55 87 54 22 84 83 34 59 99 66 58 14 37 69 98 12 60 50 85 5 62 35 98 80 0 21 6 39 22 4 49 94 47 84 77 56 21 74 60 81 16 8 72 53 19 0 61 78 44 51 86 26 8 35 79 87 15 5 76 70 79 51 62 40 4 61 97 70 51 15 63 33 10 7 10 3 87 95 99 72 11 50 60 37 76 79 5 6 77 88 68 47 50 76 13 
38 8 4 99 91 90 21 66 78 27 40 29 44 16 80 23 29 1 38 10 73 40 98 11 99 81 1 42 43 22 85 97 33 36 55 78 4 69 1 47 55 16 92 60 97 20 98 31 48 3 50 13 49 92 3 93 58 43 35 8 24 82 21 39 30 2 85 3 31 60 71 55 22 14 86 14 51 37 60 78 60 63 73 50 60 92 80 36 13 51 85 78 2 26 3 69 26 8 24 56 
1 66 61 79 45 77 16 20 47 93 58 64 26 16 19 67 96 83 10 92 62 52 4 44 67 93 74 81 19 24 35 34 79 11 64 16 4 94 81 63 37 78 68 60 13 30 62 44 76 51 1 97 71 47 41 66 5 7 38 71 30 54 48 52 50 5 86 57 20 64 13 25 91 29 75 0 42 5 46 97 87 32 64 1 2 90 67 7 7 85 41 31 76 0 68 57 93 65 24 68 
42 73 30 8 65 28 75 3 51 97 34 90 73 43 80 63 50 61 57 8 3 33 95 51 11 15 0 35 24 34 24 61 77 5 24 79 99 81 44 22 33 50 34 40 86 25 27 29 57 43 75 29 50 0 81 22 47 91 84 44 95 92 71 50 65 66 37 74 55 94 51 55 65 8 4 70 90 91 69 28 30 44 33 72 96 36 7 55 49 15 3 10 9 95 18 52 59 38 48 6 
13 20 94 64 63 81 88 18 16 73 3 96 30 63 64 47 29 32 78 29 14 45 4 59 98 79 41 89 94 83 75 2 68 59 85 61 16 93 77 50 69 88 50 80 82 96 17 40 5 9 22 30 78 17 55 20 63 1 44 72 11 46 66 89 59 97 39 48 16 97 23 15 49 15 42 19 79 49 97 96 35 69 74 59 93 17 91 92 9 38 20 18 85 80 53 66 17 93 13 84 
41 77 62 80 25 72 98 38 64 5 64 97 96 57 33 69 31 97 85 47 61 30 33 74 46 97 9 79 30 45 91 34 13 67 45 33 52 65 10 69 33 94 32 46 67 60 21 25 0 68 31 67 13 55 74 2 79 27 66 51 6 32 17 69 55 69 27 1 35 60 24 30 2 36 9 50 86 21 25 87 18 62 4 61 19 14 15 51 63 66 72 74 39 94 64 38 85 77 85 49 
39 32 68 75 8 61 24 23 86 65 38 28 61 95 26 11 89 7 77 92 48 98 19 78 95 58 12 24 9 62 21 4 39 88 12 61 31 87 19 23 39 91 43 60 91 64 96 57 4 65 42 30 64 78 1 79 70 54 85 63 31 66 46 35 90 27 27 60 39 60 38 0 5 86 0 9 17 60 92 87 15 50 47 46 76 8 64 16 72 78 5 88 56 85 22 54 90 2 88 88 
91 41 43 77 47 15 97 19 25 44 91 63 45 24 16 52 95 18 46 40 82 56 18 53 26 13 39 36 84 52 68 56 14 84 59 53 47 91 55 86 39 71 39 90 37 10 9 38 38 51 16 53 93 35 7 2 44 1 8 48 57 20 99 28 44 19 64 15 36 68 87 66 43 98 38 51 54 6 38 71 82 37 56 71 14 76 30 35 83 25 77 43 92 85 63 69 8 36 65 25 
11 92 40 95 2 69 5 3 15 76 86 94 47 35 19 3 75 32 36 79 97 78 39 59 63 18 25 97 1 83 53 86 10 73 76 64 33 63 64 45 55 90 51 32 97 41 65 4 47 47 30 68 92 38 5 30 17 87 65 66 65 67 18 77 67 57 27 83 76 97 40 23 79 5 32 51 38 54 39 84 12 84 75 81 75 43 44 72 14 23 48 53 12 15 69 17 48 5 92 14 
43 17 55 11 7 42 27 71 71 94 10 35 63 77 56 31 55 4 64 26 58 38 33 64 16 41 78 23 83 21 79 81 91 53 44 9 27 15 77 77 38 10 16 95 60 82 51 96 76 12 93 59 2 19 17 57 94 76 69 73 4 68 23 8 37 29 40 85 61 94 43 84 70 80 29 90 31 62 62 26 28 20 53 36 42 60 88 69 72 87 3 64 91 10 31 22 24 94 75 66 
35 42 39 35 21 41 10 15 77 86 4 80 63 31 55 50 20 4 99 44 27 90 43 97 25 33 3 66 69 27 94 35 54 36 23 42 25 68 83 97 39 26 85 26 71 68 84 98 42 7 67 11 6 21 30 20 86 46 37 45 75 84 74 11 70 25 3 69 56 29 2 40 85 74 10 24 67 6 0 88 6 5 83 91 49 13 79 95 56 35 48 89 18 54 3 94 1 25 9 18 
13 54 22 80 18 1 50 56 88 57 59 71 48 11 81 57 30 2 68 75 74 28 4 78 14 79 88 85 93 48 77 75 91 50 4 26 36 78 5 2 0 96 35 75 30 93 27 48 17 10 55 20 77 93 88 79 53 60 83 73 55 18 81 67 70 7 19 67 80 78 18 28 68 72 42 1 90 1 48 24 9 47 34 33 46 72 41 89 8 19 9 82 17 92 92 30 71 44 14 7 
4 53 23 57 38 46 25 23 35 42 37 47 30 42 67 5 52 3 28 88 82 70 45 93 22 64 90 48 12 40 50 67 67 11 71 18 26 14 87 98 90 20 65 53 97 1 0 78 76 53 62 24 59 64 40 67 32 76 4 48 45 91 37 40 23 22 92 69 60 54 41 97 25 42 77 20 89 65 10 77 21 59 87 38 76 11 75 32 20 97 70 9 0 85 9 24 85 19 8 18 
50 63 24 22 50 71 80 46 43 70 82 48 5 6 88 95 31 31 24 14 75 19 86 39 41 39 12 65 17 4 1 66 87 64 73 90 46 86 39 31 44 21 62 81 57 0 50 37 65 45 64 24 69 54 12 60 9 84 75 11 78 76 78 2 79 68 20 80 0 74 14 40 2 69 23 69 91 73 92 34 16 37 32 97 1 55 72 86 98 27 63 45 81 86 51 75 83 81 23 54 
79 17 78 33 11 87 14 59 17 93 78 16 7 86 93 2 77 27 38 7 97 2 72 85 95 34 54 19 14 65 22 81 95 14 59 5 34 47 41 94 96 25 50 50 7 87 24 47 71 26 14 91 26 99 44 24 72 4 39 7 79 9 0 46 31 39 81 89 21 51 1 77 10 90 7 39 98 22 70 76 15 47 88 51 63 88 88 99 66 10 98 87 34 72 86 70 60 14 20 9 
47 85 20 74 40 22 46 66 0 65 44 54 16 99 24 37 29 31 31 42 17 24 42 34 7 43 28 44 64 52 8 45 8 65 0 54 49 23 13 7 70 38 33 31 53 33 24 3 99 9 45 74 66 76 50 30 31 37 18 51 78 44 10 67 74 37 20 19 46 62 41 57 8 67 71 8 58 54 94 17 80 82 60 11 60 59 92 37 78 58 61 25 96 56 0 16 83 73 2 9 
72 14 65 50 85 20 74 82 57 62 33 69 75 61 99 48 66 65 87 67 79 91 42 16 11 23 94 10 29 82 50 10 96 16 32 12 95 55 41 3 62 7 52 53 41 33 51 95 80 70 21 86 48 38 88 64 69 5 40 66 45 45 69 29 76 64 21 21 2 79 92 30 9 37 17 71 21 4 10 96 14 10 51 89 19 17 30 93 20 1 72 71 32 78 47 4 13 24 49 16 
12 27 63 77 16 98 9 99 30 91 89 46 57 67 77 86 13 45 23 61 75 47 40 43 94 17 36 20 84 58 88 40 14 38 12 46 81 16 61 53 22 29 41 64 20 95 71 14 47 85 29 37 15 57 33 94 91 10 19 45 72 48 19 23 61 49 68 61 43 80 86 64 63 35 68 6 77 22 21 17 51 84 30 11 14 11 77 46 93 6 46 55 90 27 75 17 40 17 40 31 
90 13 47 94 84 13 37 18 34 33 47 41 30 43 53 68 17 0 18 84 71 39 86 79 48 28 46 0 0 31 66 18 2 77 34 87 87 17 34 71 56 49 73 36 34 74 48 72 89 58 23 29 59 57 52 69 37 25 19 94 4 68 8 53 47 43 43 24 59 93 80 9 35 87 97 24 98 89 26 39 51 59 61 38 32 25 95 97 98 73 21 25 63 59 21 48 16 86 90 22 
87 32 79 53 63 33 91 17 5 58 83 0 1 50 61 24 7 53 27 92 89 90 11 66 70 14 7 55 6 97 39 46 19 83 54 68 4 14 60 2 48 78 59 79 91 86 49 90 11 23 42 40 30 81 71 5 94 86 25 84 77 97 10 86 79 22 0 40 6 8 27 80 97 31 7 7 82 79 89 17 62 18 20 52 70 54 2 47 40 16 29 22 69 65 49 40 54 98 84 86 
10 7 4 41 11 32 22 24 88 13 33 26 52 97 42 59 30 12 2 29 29 51 0 2 60 94 95 93 77 33 88 68 9 29 87 5 53 81 81 40 38 35 24 9 33 22 52 46 91 50 78 6 87 49 12 9 48 86 15 70 85 45 10 97 40 73 58 48 35 52 40 54 87 78 53 48 20 52 2 21 4 41 5 50 65 80 49 54 53 16 75 40 50 12 22 45 56 94 37 0 
28 73 23 9 88 21 58 6 4 35 54 12 32 82 70 94 5 65 55 58 78 23 49 93 14 65 47 41 46 29 52 71 84 64 80 30 24 31 25 47 40 40 2 32 23 53 69 48 91 43 77 33 54 95 75 0 73 42 53 81 87 54 55 66 57 25 76 23 72 76 72 61 97 64 7 71 30 19 56 65 79 24 90 20 11 31 76 12 42 60 31 85 3 5 89 35 47 99 82 4 
15 79 17 73 75 72 86 48 69 9 45 35 63 71 88 77 98 62 61 69 19 75 73 15 54 63 20 30 28 23 89 43 12 95 58 42 41 34 24 81 37 79 13 96 39 11 54 24 47 15 77 82 15 32 15 77 10 95 98 31 96 35 9 41 91 72 37 32 51 1 95 91 8 71 5 52 44 12 81 5 19 45 54 94 49 52 83 18 71 76 56 19 25 61 66 67 82 54 22 28 
2 99 55 6 56 42 86 57 5 40 40 16 37 84 49 5 2 58 37 54 74 68 88 84 61 90 29 22 14 45 31 43 61 61 34 48 4 70 8 19 14 41 88 30 64 63 21 86 98 13 62 78 6 40 42 33 31 14 31 51 24 98 76 94 4 24 91 58 16 66 21 29 39 88 1 26 77 59 95 74 71 16 42 62 10 51 79 85 70 98 31 5 78 11 30 92 15 63 42 7 
22 18 28 17 86 23 40 38 0 88 27 72 76 85 50 9 75 22 63 13 11 53 52 72 61 30 79 24 84 81 35 45 31 53 31 25 19 82 52 84 21 55 50 51 56 9 66 79 82 61 58 89 77 14 67 87 21 93 18 51 59 2 56 89 58 47 47 71 25 83 58 77 18 4 60 95 63 35 58 12 87 16 30 62 63 69 37 1 14 30 5 38 67 21 97 69 29 1 69 5 
74 91 80 16 51 94 31 58 14 44 13 29 69 53 59 73 97 23 43 82 60 35 36 99 47 5 5 65 28 90 84 88 68 59 8 34 15 95 58 28 89 35 80 17 94 71 53 88 83 78 26 91 10 58 66 37 58 91 61 34 47 60 67 73 54 17 97 95 21 5 21 24 70 86 22 94 47 22 8 39 27 67 15 30 97 81 59 94 54 34 69 20 58 84 13 66 97 3 32 54 
4 81 73 79 29 69 86 51 7 94 25 37 5 32 67 92 15 34 75 52 3 86 21 93 50 51 73 84 21 28 7 98 1 26 98 44 25 11 18 92 1 16 14 84 81 87 44 6 66 86 82 10 1 46 85 44 79 59 54 69 58 73 23 60 72 28 39 78 66 82 34 57 7 29 29 33 69 32 3 76 52 81 83 24 19 56 74 71 84 16 70 20 23 84 87 66 48 83 88 69 
21 14 55 47 83 16 99 49 54 67 41 94 14 75 37 21 83 44 67 2 34 87 15 77 94 17 62 31 29 87 52 11 2 22 72 80 86 19 77 46 20 30 21 22 58 73 49 6 83 21 66 69 16 92 23 93 70 63 38 75 92 85 30 50 70 90 66 76 75 19 37 22 73 43 46 70 81 82 97 39 91 70 52 25 24 70 54 54 94 60 39 28 77 31 92 78 68 81 72 27 
14 64 62 74 64 40 91 94 42 4 6 35 96 86 88 73 77 41 78 59 90 88 52 25 26 4 18 88 86 54 35 86 15 48 47 90 80 40 85 22 91 56 35 30 35 29 8 35 76 92 88 38 22 62 92 68 35 91 63 45 67 10 77 80 67 91 23 94 37 35 8 80 99 87 8 76 84 21 0 35 5 97 45 31 79 34 42 87 24 94 36 95 85 5 97 88 64 22 1 10 
96 47 54 89 76 51 5 92 72 34 61 30 83 0 92 10 99 45 71 59 97 1 27 73 86 6 66 8 77 9 92 47 85 62 81 36 65 32 49 10 51 46 10 15 34 62 54 93 26 93 4 78 1 2 38 2 14 1 30 37 66 52 80 90 32 59 18 90 2 25 17 58 81 23 57 86 91 2 89 86 47 1 63 29 94 62 60 40 2 20 99 93 50 2 93 84 93 12 29 51 
73 59 65 28 6 8 72 24 49 3 88 59 44 3 11 24 29 45 42 48 41 79 54 79 54 47 0 66 56 90 39 69 99 33 13 22 55 9 37 85 9 67 1 96 15 44 18 24 58 74 43 34 84 72 95 21 99 99 32 27 75 44 65 24 43 98 36 11 70 77 9 69 98 78 70 41 81 26 55 52 25 72 76 56 92 13 62 40 70 16 69 11 93 4 55 3 56 95 88 50 
8 77 43 42 11 19 92 56 5 48 90 49 92 7 72 95 69 26 8 86 70 9 0 93 87 91 99 5 31 22 57 1 61 0 56 49 81 5 78 11 76 64 46 6 66 1 96 35 43 14 54 42 9 74 22 98 65 63 13 14 95 63 95 1 98 69 63 34 94 71 2 91 49 58 56 82 42 30 15 88 84 32 54 14 9 42 45 56 63 80 5 48 54 80 12 29 82 21 35 35 
84 89 29 86 78 4 60 73 23 26 12 2 86 88 86 15 22 48 59 68 79 67 87 97 11 95 22 27 26 99 16 77 86 57 32 68 15 19 48 9 2 87 52 98 86 64 25 59 41 50 68 97 76 14 28 79 54 29 31 52 55 87 42 61 93 96 5 97 30 94 7 9 8 80 94 24 8 80 1 32 77 17 7 59 22 14 84 11 80 25 80 11 99 9 54 38 77 52 57 4 
54 77 8 93 8 43 57 65 55 70 15 27 39 17 39 88 70 2 40 15 27 5 31 27 62 61 39 16 94 44 24 0 9 88 85 45 40 97 4 68 7 97 19 15 12 69 61 22 98 90 52 47 22 68 93 86 47 34 90 38 6 79 24 92 25 98 65 8 68 45 47 86 61 8 59 36 70 54 2 84 3 71 41 37 84 28 67 74 97 37 22 17 99 47 20 51 73 80 41 72 
96 94 83 83 36 29 23 43 52 13 88 50 57 79 72 16 81 76 38 56 22 21 25 36 18 97 81 43 24 67 37 55 45 91 44 10 6 14 85 81 60 97 40 85 94 28 84 63 58 23 24 87 60 11 32 52 37 38 20 70 96 97 75 42 9 54 97 46 91 8 96 60 83 60 91 35 86 0 88 38 16 35 70 9 40 84 71 16 45 62 94 0 82 6 13 12 21 41 74 78 
32 21 36 43 79 45 5 50 46 6 10 71 51 66 42 22 3 47 81 13 14 66 75 99 28 73 21 99 4 59 73 55 52 77 15 47 23 63 73 0 37 8 87 76 38 26 97 2 36 14 32 56 95 39 40 70 65 53 86 53 73 15 60 64 50 96 97 2 56 37 77 75 78 91 41 34 85 86 93 13 66 79 14 93 14 93 13 48 77 81 45 5 44 58 70 4 82 39 77 11 
67 92 84 80 12 79 85 36 33 79 48 46 33 14 57 56 45 93 43 79 67 83 57 0 61 21 43 15 93 11 78 99 0 92 99 16 82 66 74 40 43 51 60 12 91 49 28 20 48 24 11 69 94 97 21 7 52 51 24 75 19 5 2 75 63 76 60 63 85 27 86 61 85 84 56 26 54 98 76 94 59 88 59 98 20 25 14 57 8 26 68 15 85 1 48 80 52 1 90 44 
60 39 88 59 55 74 60 49 39 93 73 30 0 6 71 89 61 54 12 23 53 79 88 64 32 21 80 33 92 38 21 73 53 98 54 89 93 10 42 73 85 48 49 57 57 58 88 56 73 73 6 93 55 46 8 67 58 48 3 58 43 80 49 88 96 49 42 22 9 53 23 26 88 32 6 33 87 74 69 66 61 87 56 9 73 6 15 14 42 93 44 92 98 86 78 65 37 37 18 21 
48 62 20 7 97 18 49 37 46 85 28 44 91 63 61 74 0 90 3 34 42 14 70 9 18 26 58 8 99 89 11 42 32 74 40 72 46 28 47 56 16 81 54 64 78 11 79 99 22 95 10 29 93 31 59 23 72 68 70 65 75 67 83 4 28 55 83 20 65 84 46 33 77 97 3 98 58 99 54 61 46 38 14 21 16 17 77 59 69 79 72 10 74 75 67 55 89 56 91 4 
35 18 7 60 47 48 68 50 7 42 47 78 98 53 53 74 85 57 51 77 66 57 99 43 45 68 37 92 15 94 68 33 62 46 70 47 67 7 18 61 86 73 26 87 53 55 84 92 70 62 30 37 20 6 26 14 28 52 30 79 27 38 90 66 4 34 66 25 23 31 4 9 98 44 75 74 59 56 88 29 30 84 85 94 58 89 88 41 82 76 68 86 37 0 68 49 29 59 45 7 
1 95 33 93 39 98 65 98 77 64 80 7 36 80 21 31 73 30 12 14 73 6 7 17 0 96 16 82 53 99 62 85 77 16 35 27 63 50 99 8 13 91 7 22 77 25 31 62 9 83 40 54 3 22 42 71 37 91 82 24 55 98 99 46 99 25 23 16 23 33 31 9 21 98 70 97 95 58 98 73 1 74 69 53 23 35 74 14 74 92 97 81 51 8 41 81 37 2 4 19 
69 18 55 91 95 7 47 65 76 65 29 12 95 23 74 73 7 69 98 62 98 15 71 92 23 2 14 85 54 3 89 54 68 51 21 36 78 74 50 59 41 32 46 8 49 83 4 31 34 61 52 96 69 50 87 2 32 60 59 64 39 67 99 95 6 43 53 99 78 1 78 89 10 98 50 65 9 90 43 15 1 45 43 7 27 8 69 55 19 24 12 52 69 37 42 22 36 69 96 58 
49 47 13 74 78 58 74 64 37 72 17 36 18 29 93 51 60 19 56 75 99 36 10 38 49 27 33 77 27 13 97 54 69 38 95 75 46 58 39 85 20 13 35 97 85 5 58 44 79 98 38 60 1 22 29 50 92 95 83 70 35 35 71 3 88 63 7 88 7 57 78 52 79 46 9 41 62 13 48 17 54 38 95 46 41 25 89 5 59 51 41 84 27 16 67 8 9 32 44 10 
1 52 73 32 35 15 20 26 56 88 54 39 8 95 60 1 43 96 90 89 6 68 83 3 8 61 45 49 5 48 92 32 65 22 29 74 4 26 82 10 18 17 13 88 86 44 55 47 33 53 10 81 5 76 94 43 15 26 72 52 70 82 91 96 33 62 24 37 56 87 50 39 68 24 84 16 14 34 90 22 49 48 98 63 16 73 73 8 94 8 36 52 59 53 55 62 3 37 67 14 
