13 117 110 67 69 138 87 94 118 17 128 67 110 59 126 68 95 112 87 90 10 131 86 64 116 101 147 174 35 73 141 95 97 141 16 129 128 125 168 94 101 136 135 50 172 70 54 179 95 140 54 98 10 136 154 106 121 184 127 76 29 127 94 104 9 74 77 92 124 129 125 151 126 28 87 33 92 126 70 88 107 114 121 83 45 169 89 62 107 110 119 106 39 83 121 70 64 107 118 76 
21 156 93 37 127 139 118 137 181 85 85 130 136 128 134 171 88 106 137 30 87 65 165 77 116 138 50 77 10 80 106 162 111 133 104 84 127 63 137 15 105 76 129 100 42 105 115 118 126 20 78 171 95 67 142 45 168 117 77 74 26 104 58 133 111 160 32 46 116 132 29 171 103 122 64 170 108 75 100 120 93 53 104 76 137 116 99 157 82 48 91 111 113 86 42 74 93 87 141 55 
135 149 116 185 184 38 142 108 149 114 57 109 32 46 112 30 22 134 103 31 50 108 145 175 135 63 86 92 110 42 87 76 191 139 90 155 72 55 135 125 146 150 119 21 102 97 133 105 78 121 45 128 30 104 54 82 28 86 64 112 22 167 61 165 112 91 99 101 78 85 112 29 32 100 74 137 133 69 141 87 90 46 130 122 24 173 82 134 113 125 85 38 98 93 63 21 107 110 18 118 
126 32 88 85 35 68 147 172 48 139 123 93 120 119 142 153 63 68 108 99 71 135 61 104 105 152 107 122 116 175 155 155 145 74 116 98 74 154 104 142 108 31 76 86 63 97 92 64 117 122 93 103 125 115 88 75 150 105 68 112 140 31 112 78 20 102 136 135 121 71 73 98 98 154 79 61 38 49 78 108 170 88 114 60 66 109 113 10 55 69 90 66 5 122 58 88 99 104 85 131 
131 122 67 151 16 113 169 71 120 89 126 99 81 19 54 166 111 107 128 51 97 129 125 167 135 103 135 74 108 96 139 64 73 175 52 161 86 35 86 36 22 159 170 33 32 118 27 136 73 84 99 95 67 154 60 73 121 42 30 84 85 60 54 44 170 100 142 126 68 74 52 82 88 114 96 142 65 152 100 89 115 57 8 45 58 118 78 76 82 79 163 185 26 22 111 134 84 122 148 91 
19 95 170 143 48 108 68 130 38 51 132 83 116 138 37 83 114 65 73 90 109 97 105 49 25 38 86 95 194 151 45 100 102 94 128 80 42 57 64 105 105 61 92 125 164 99 68 119 46 131 158 142 109 126 102 145 94 77 133 178 63 63 64 105 117 70 94 42 122 108 37 107 32 96 67 57 108 91 47 153 120 152 99 112 122 147 99 103 153 169 131 96 81 109 61 177 34 124 61 179 
72 44 145 138 113 125 79 95 124 177 96 69 21 97 169 110 51 67 127 85 121 43 64 137 52 150 156 91 48 49 15 173 171 180 46 162 47 44 129 99 109 101 21 119 97 164 188 76 6 78 107 86 163 93 123 148 113 123 105 135 6 47 73 66 118 130 83 29 170 149 58 57 141 102 107 137 154 117 123 90 79 156 143 104 134 54 105 166 136 109 186 84 106 37 126 107 66 74 139 115 
118 90 164 53 68 56 168 96 80 24 134 118 99 109 98 32 98 128 56 110 71 79 174 82 108 95 124 111 91 113 83 88 82 165 29 131 166 111 91 55 72 40 83 147 189 62 99 104 130 25 74 97 174 146 65 75 100 139 71 98 42 116 150 150 70 79 65 84 38 70 95 44 110 46 166 100 117 154 133 102 123 63 74 26 100 7 143 28 117 43 137 65 141 75 78 20 147 121 150 180 
63 112 153 112 60 142 75 122 109 65 181 58 69 30 124 147 154 147 83 140 107 81 23 108 66 71 46 69 102 140 55 91 71 75 140 133 93 132 86 133 72 161 109 162 132 114 73 106 31 78 137 120 86 29 98 83 119 43 99 50 158 118 66 90 100 110 100 33 149 147 136 65 102 41 104 69 19 65 136 68 159 58 99 103 107 71 106 99 132 38 82 137 123 90 65 136 168 7 74 182 
161 142 141 43 80 164 133 82 66 92 71 113 152 115 66 86 102 71 77 81 162 61 102 37 138 93 167 53 117 110 172 113 128 63 61 115 51 32 136 75 146 74 42 44 68 30 122 106 163 132 123 74 154 92 139 180 152 180 164 135 176 133 158 76 54 67 97 79 53 90 64 132 77 152 79 100 36 94 131 168 43 99 75 112 133 69 137 124 113 114 188 86 120 85 47 94 56 111 51 54 
79 44 69 147 29 80 115 138 121 42 51 124 86 99 82 142 165 88 149 25 92 155 67 100 14 123 80 25 176 48 50 106 111 28 116 176 89 119 54 66 72 161 109 80 161 142 28 111 148 147 98 172 125 89 82 88 117 110 150 110 99 137 135 109 98 76 84 68 116 40 108 62 141 101 103 54 117 128 111 137 29 36 142 128 110 84 86 185 71 116 113 45 121 173 117 118 44 106 56 69 
171 153 176 135 120 130 88 73 90 89 50 61 47 88 126 49 108 92 90 24 120 23 56 35 129 124 89 110 49 132 102 104 97 107 125 140 102 65 104 91 101 175 138 78 115 86 115 137 155 154 85 134 20 125 43 109 78 81 16 79 146 130 5 116 146 190 78 127 10 83 162 148 101 153 99 66 42 122 24 109 50 102 67 171 120 43 90 74 94 101 47 77 119 154 120 41 138 98 163 64 
93 61 162 49 143 87 194 47 72 62 154 115 61 154 131 54 170 53 61 109 112 117 107 113 71 63 137 72 102 148 102 135 78 100 179 76 74 100 60 100 91 152 127 98 140 102 174 63 41 28 100 99 81 119 100 166 112 115 90 62 91 64 93 69 120 83 106 147 54 172 171 161 109 84 109 105 105 102 87 115 81 77 102 112 46 165 78 71 112 56 131 94 28 55 126 86 58 90 88 154 
90 98 66 192 156 141 81 150 122 86 70 81 103 86 47 119 141 170 84 109 101 155 41 142 108 71 97 107 136 137 132 102 104 194 68 120 108 45 52 49 107 51 149 114 43 109 39 106 143 95 101 177 20 99 119 65 23 112 161 96 158 148 98 171 23 124 36 96 109 98 46 119 34 39 17 185 94 50 179 70 99 82 27 92 83 92 62 82 6 93 64 23 35 112 136 123 58 106 102 88 
97 83 74 126 9 88 157 47 16 130 116 70 96 125 134 102 39 123 130 47 117 117 118 122 135 114 46 27 142 70 91 148 155 96 95 69 40 59 84 160 119 118 38 81 60 112 141 80 135 36 74 52 90 79 130 81 82 150 90 61 166 93 98 108 103 43 120 105 102 68 28 116 118 119 47 100 79 114 158 43 19 62 132 102 146 85 87 99 19 26 130 88 40 138 154 91 112 154 22 118 
160 179 106 49 48 49 148 142 87 82 102 121 122 23 121 126 66 99 145 139 117 85 135 113 70 72 146 82 83 17 106 105 173 45 96 59 124 160 102 120 66 98 88 54 60 68 104 75 84 87 18 123 150 69 36 40 117 52 102 135 171 97 121 28 113 151 84 35 56 85 175 171 85 75 135 109 30 63 36 106 136 115 94 92 9 135 184 39 43 126 122 148 6 83 130 197 28 149 123 101 
39 81 46 78 116 120 141 138 70 80 147 78 83 105 103 80 122 92 171 119 139 31 137 123 50 94 101 122 52 35 104 78 142 24 158 113 113 97 155 136 43 54 90 100 117 93 35 186 100 112 132 129 62 84 103 76 76 91 68 61 52 38 113 73 109 127 117 77 62 154 103 89 111 107 42 85 82 9 69 92 62 120 120 162 168 160 60 84 84 71 115 173 94 184 36 82 83 113 112 179 
76 117 140 129 86 158 34 169 104 119 96 76 117 46 74 61 109 66 135 69 60 98 167 52 100 93 128 122 100 40 89 96 20 82 124 96 164 122 50 90 136 114 114 100 92 112 80 95 86 116 156 144 108 28 133 42 40 33 105 32 12 141 107 163 79 80 96 104 173 118 102 101 175 88 112 107 78 97 102 128 119 43 80 106 33 57 53 133 119 48 164 129 134 18 16 93 43 112 46 53 
154 98 33 79 27 130 96 94 153 64 78 74 50 45 91 90 50 45 153 90 136 130 107 69 51 145 71 89 21 180 120 43 119 121 41 97 26 90 95 181 76 134 56 62 101 154 77 91 84 63 71 167 168 81 111 13 139 88 49 172 165 40 168 84 160 110 99 121 152 140 87 44 156 37 165 80 43 102 108 97 96 151 86 91 58 43 173 133 88 129 104 73 127 98 83 133 83 187 70 109 
37 129 47 154 107 90 139 86 104 112 189 31 159 78 56 107 100 43 8 117 132 55 57 114 42 150 145 184 158 72 161 36 92 135 95 52 101 153 143 74 130 90 45 63 147 133 97 138 87 98 102 146 120 122 28 125 126 123 26 78 24 84 103 79 97 88 102 66 161 10 70 73 8 53 150 117 82 141 102 149 121 114 90 87 43 131 80 51 79 121 159 99 143 15 88 60 94 88 139 119 
148 85 43 115 100 82 107 141 92 92 81 90 70 8 77 29 105 161 105 129 61 131 130 78 112 91 116 91 112 37 68 116 34 107 93 124 169 42 68 128 55 65 42 182 114 135 119 100 93 57 143 41 83 54 154 171 43 95 188 124 142 120 181 51 148 65 191 151 75 88 63 135 113 110 93 185 77 137 87 94 52 102 140 39 80 138 157 5 96 93 132 105 75 36 111 156 161 41 93 149 
135 84 151 83 103 95 75 125 93 112 77 99 101 86 120 89 111 132 97 117 171 177 156 114 40 142 46 154 36 87 110 113 118 69 106 184 31 57 125 86 101 142 173 118 141 116 94 45 94 138 155 86 162 81 66 79 80 93 102 31 147 132 44 114 112 82 64 102 87 71 168 88 104 68 73 132 110 107 57 70 48 130 68 183 77 151 133 10 50 19 117 153 106 156 97 30 78 37 81 119 
145 68 105 97 9 90 113 64 155 90 83 109 166 132 66 87 98 141 113 75 137 137 56 45 146 93 89 143 146 94 101 120 44 71 101 40 73 81 102 162 78 96 55 183 114 154 24 41 20 87 19 55 67 168 83 140 165 61 67 43 72 101 50 84 126 121 137 117 17 159 126 100 120 39 123 119 88 164 97 69 106 181 166 178 127 91 129 120 105 116 84 62 101 42 135 141 179 88 78 33 
11 130 122 60 147 48 143 137 95 15 126 73 113 119 85 53 136 117 175 124 147 115 29 116 34 101 86 90 52 112 39 24 113 126 64 163 89 103 133 32 94 133 123 189 134 155 144 19 116 113 85 169 88 75 79 122 110 33 65 124 162 60 64 35 69 73 121 82 54 36 100 76 123 91 34 142 101 25 102 37 99 117 127 58 70 106 112 72 95 108 131 37 173 104 180 162 39 154 89 139 
106 10 186 138 98 149 138 62 77 101 130 157 17 77 119 42 100 112 123 36 111 164 40 117 121 71 110 104 49 94 163 106 73 112 60 128 151 100 86 50 66 129 62 66 151 63 172 13 141 123 156 150 8 120 90 158 74 91 185 147 104 56 178 127 140 64 54 69 17 47 71 93 89 29 71 76 73 21 147 66 83 126 110 149 74 143 153 83 79 95 43 169 67 135 86 88 83 134 99 93 
164 164 91 30 88 96 141 70 138 171 50 59 42 113 79 21 79 117 75 135 160 127 106 93 126 56 63 121 98 51 97 165 79 69 106 96 103 103 98 98 151 91 59 79 108 104 104 69 177 130 83 45 166 112 133 105 155 172 91 111 78 128 160 54 133 106 118 126 71 180 102 150 108 107 114 86 120 121 120 70 93 139 103 129 41 72 135 134 102 120 162 71 50 113 161 106 105 94 123 132 
42 121 51 147 111 59 139 126 62 117 86 75 107 93 164 100 110 36 113 87 159 63 114 56 117 30 105 131 92 89 31 180 98 97 92 98 132 124 70 111 155 75 146 107 105 105 33 112 80 71 82 48 121 38 22 128 83 193 154 160 94 126 61 108 101 135 123 121 96 35 103 47 141 117 192 90 54 63 97 48 172 95 63 74 100 40 88 8 22 95 149 110 146 168 119 97 105 156 62 183 
57 57 81 97 77 188 70 119 178 91 43 154 163 53 134 35 162 119 74 169 112 88 179 61 156 49 78 76 135 145 126 156 89 98 14 17 98 147 124 64 79 95 131 119 91 99 56 18 105 73 93 128 94 127 145 94 127 139 94 144 61 155 76 124 29 120 103 73 159 166 101 37 25 168 154 91 70 123 148 105 144 85 155 165 123 105 30 135 41 140 142 34 54 138 62 103 63 96 134 111 
11 102 69 62 108 154 38 127 36 99 34 75 64 43 120 102 25 26 99 69 73 110 145 94 80 30 21 69 39 95 119 100 82 160 30 165 147 61 159 125 97 118 87 62 32 119 120 86 152 102 56 139 70 158 150 105 65 34 93 177 81 95 30 63 43 175 27 113 115 109 112 80 181 100 162 127 102 32 104 144 99 122 103 18 76 98 135 91 5 84 129 94 129 126 164 43 146 140 191 82 
113 143 111 64 98 102 71 28 105 149 96 144 42 147 150 66 35 95 134 133 80 85 93 143 123 95 62 136 129 156 58 63 106 70 50 118 69 66 150 149 109 71 112 96 124 118 49 93 70 82 160 102 86 165 131 84 71 141 171 79 91 101 131 92 95 148 129 136 84 101 44 78 81 85 170 112 81 97 95 68 69 109 76 83 109 101 89 101 118 116 150 101 64 77 141 38 178 74 41 101 
8 106 49 99 81 187 75 116 111 59 83 135 13 96 148 139 79 56 58 168 95 62 78 36 64 17 75 131 79 49 122 142 64 131 71 45 108 112 79 98 89 78 23 149 173 88 73 115 99 52 54 187 74 96 50 127 28 67 81 120 91 134 118 42 46 92 137 113 93 124 74 83 103 130 50 114 123 86 59 61 94 161 27 53 148 46 104 54 70 90 167 102 43 118 122 56 122 75 85 105 
154 111 77 148 131 109 36 127 0 125 173 113 59 83 112 49 132 135 95 96 174 114 91 141 144 20 32 165 146 19 115 46 95 37 96 130 125 78 95 47 114 173 93 191 78 170 103 131 119 111 131 80 19 116 173 107 89 41 139 102 102 72 66 100 142 140 111 94 110 62 150 12 94 147 41 119 93 106 93 137 164 108 101 114 124 34 84 178 84 74 169 182 146 72 171 29 65 140 114 26 
53 69 149 37 115 39 86 178 146 71 96 110 49 113 124 96 164 116 98 33 124 135 135 129 128 92 46 159 95 29 101 80 45 120 85 121 83 76 28 140 26 98 162 165 98 130 107 137 29 116 104 136 109 64 143 139 61 181 159 91 108 57 67 70 133 36 94 65 94 85 138 126 33 118 52 87 159 109 79 122 111 171 156 114 101 146 60 101 87 138 105 119 78 140 66 140 111 99 83 143 
71 121 80 74 70 140 21 165 115 15 59 69 116 135 119 98 95 63 124 66 146 117 89 2 90 146 102 149 69 70 119 51 154 181 114 84 130 133 108 147 97 105 81 78 103 108 121 27 91 68 63 114 106 94 83 82 67 116 136 69 99 149 72 130 72 181 45 101 59 125 8 26 105 104 107 116 126 29 26 103 122 69 150 143 3 89 140 80 99 79 75 122 81 44 92 116 134 79 41 139 
42 15 44 76 133 113 164 101 126 63 99 95 142 95 153 102 174 143 59 86 115 132 141 116 32 58 69 149 152 171 130 136 75 44 28 112 91 71 119 111 3 136 75 71 133 46 155 59 76 115 98 154 56 139 133 106 189 157 113 95 167 110 112 83 53 31 53 130 49 82 82 106 103 48 155 174 31 68 156 67 34 106 150 36 93 147 93 94 92 145 63 101 141 132 95 131 127 76 104 91 
101 162 112 136 69 97 100 177 40 111 137 166 96 74 94 186 94 121 84 74 150 142 93 144 66 101 47 115 33 153 138 119 75 135 105 173 172 73 110 77 80 81 167 121 153 57 67 184 128 162 56 96 129 83 142 147 165 108 139 123 91 116 92 178 82 62 100 98 134 57 178 118 92 144 138 144 175 73 128 171 127 82 41 123 46 59 58 169 192 89 112 69 117 103 136 81 99 104 74 142 
42 106 129 101 150 182 119 110 100 172 178 73 96 97 52 82 101 57 179 128 78 184 80 151 91 43 49 130 33 93 60 75 107 77 19 135 115 67 128 156 94 139 107 101 121 120 94 138 183 101 85 50 169 128 142 134 113 79 100 144 76 34 83 21 122 106 64 155 163 91 134 68 117 103 44 120 120 91 117 119 89 90 189 66 59 27 83 157 118 118 59 96 120 125 71 90 63 164 140 115 
62 118 52 106 68 114 86 141 77 84 113 97 147 90 127 169 39 182 91 151 169 188 125 113 99 145 28 92 85 155 140 52 147 138 54 46 89 120 43 86 117 125 159 45 106 91 168 166 147 105 50 140 126 120 33 144 18 64 117 64 35 123 29 83 90 47 89 116 86 58 83 88 106 115 82 108 155 52 93 105 11 106 70 19 102 138 65 120 104 62 106 151 139 48 78 31 85 109 67 139 
120 46 114 115 154 75 98 142 133 130 58 84 104 73 108 154 75 143 31 53 109 59 60 188 134 180 94 124 130 96 116 138 72 66 93 132 102 96 138 123 160 32 72 163 161 74 132 100 137 130 95 137 67 128 79 137 162 121 143 132 159 125 72 89 40 174 23 166 9 78 35 52 71 117 99 58 55 65 59 135 50 194 88 65 61 60 86 79 77 83 141 31 82 140 67 164 67 168 138 31 
22 100 126 50 124 68 69 28 109 105 20 168 37 55 102 86 161 98 118 19 187 88 34 82 85 75 149 101 78 122 119 55 102 69 176 55 45 100 63 158 108 78 90 117 114 72 142 132 55 108 37 98 48 79 122 61 105 109 128 136 45 142 94 117 85 83 48 102 48 154 73 75 60 75 92 131 135 108 21 20 153 102 114 172 58 75 75 98 106 91 175 139 58 151 130 102 94 82 31 98 
31 32 84 72 82 57 93 141 32 56 63 105 87 121 159 39 158 100 42 33 160 73 48 42 86 152 146 112 183 23 159 169 62 76 98 68 97 111 141 164 97 91 171 128 82 106 95 56 84 134 158 52 129 45 100 161 143 87 92 27 141 75 144 24 137 138 91 158 52 92 110 78 99 96 48 65 82 31 123 129 30 67 32 146 179 105 31 112 110 66 65 121 100 72 147 123 166 123 124 96 
123 57 68 171 57 31 43 133 121 70 65 164 50 163 159 35 86 53 66 135 131 154 136 67 170 91 26 47 58 41 63 70 91 139 156 147 89 80 66 112 157 89 61 143 63 152 80 25 93 62 135 31 126 86 158 123 153 151 97 92 1 76 54 101 77 174 143 142 103 153 98 123 119 134 43 111 133 34 58 97 167 77 172 104 170 94 93 168 81 124 51 141 18 73 152 98 133 89 101 62 
82 158 164 73 87 165 101 87 64 69 78 122 83 86 78 148 66 180 98 25 107 108 90 13 83 100 179 124 141 81 49 50 45 144 10 77 129 110 90 134 62 19 84 87 84 119 51 51 145 79 93 69 74 41 92 174 126 111 142 124 91 78 79 72 169 101 175 88 132 102 81 65 194 94 67 112 127 166 25 65 137 118 126 106 73 89 83 83 79 80 146 143 116 109 124 96 51 54 71 22 
32 127 75 62 92 107 96 121 13 191 77 83 68 72 15 121 130 144 5 84 124 130 47 82 82 92 121 152 91 174 80 135 54 141 148 77 37 27 20 122 147 120 111 176 178 131 48 77 101 85 68 116 158 49 119 174 52 91 91 93 102 103 78 134 110 45 147 15 69 49 74 87 31 94 105 97 100 39 174 91 143 152 130 116 86 103 86 159 167 127 50 124 94 103 78 115 30 70 85 84 
78 153 109 118 94 34 125 70 54 167 148 44 130 194 154 111 146 75 27 87 84 174 68 14 130 92 53 34 47 150 105 64 50 135 70 109 103 134 113 116 127 131 122 30 43 93 87 142 101 171 124 85 123 36 173 55 109 94 130 49 109 171 69 15 96 92 50 79 25 124 74 115 97 79 109 155 89 125 140 109 132 164 141 111 162 13 114 59 172 137 120 71 97 70 138 121 96 127 85 102 
84 144 92 87 117 150 163 172 150 131 99 126 116 59 94 83 104 44 118 31 146 168 143 59 93 183 75 85 55 136 125 156 158 74 141 166 65 151 69 107 141 178 94 115 89 127 55 140 92 95 101 58 98 53 101 177 124 107 118 152 100 100 127 190 124 80 106 73 34 71 146 59 128 94 50 45 78 166 160 59 125 77 181 20 113 41 57 83 120 71 9 74 126 112 96 128 186 75 103 26 
167 128 81 112 167 108 98 168 123 93 120 146 118 41 34 103 66 74 51 114 28 115 141 126 121 90 51 160 91 89 123 72 103 82 108 110 119 83 119 185 103 132 177 36 143 111 121 154 82 93 141 159 170 18 154 75 115 116 101 73 68 144 148 185 121 112 20 114 12 9 117 129 182 147 47 87 125 104 73 141 61 71 117 112 99 27 61 105 108 112 170 159 39 108 105 135 131 116 25 94 
77 100 101 29 97 162 28 163 87 46 104 85 54 136 94 127 172 31 60 99 140 98 155 111 78 98 95 52 138 149 64 95 130 116 143 139 93 31 28 48 87 141 135 146 173 100 89 86 155 169 54 112 130 23 124 51 110 92 103 168 26 170 94 117 78 139 190 110 65 111 118 101 140 118 85 52 62 105 100 65 97 71 172 37 80 179 76 62 55 58 132 91 124 66 113 138 145 72 107 72 
113 21 138 173 121 160 47 93 46 81 46 60 81 117 68 124 189 41 57 111 158 180 129 65 123 123 139 100 174 184 42 18 91 52 109 70 135 78 176 46 96 164 102 84 167 21 46 47 12 50 121 87 102 138 60 122 62 63 74 168 155 134 137 77 65 95 14 79 92 157 129 144 33 93 162 113 109 118 138 84 140 154 96 86 71 122 137 105 53 118 19 49 77 93 133 114 161 137 128 81 
61 136 63 62 67 76 87 114 116 149 136 142 107 104 151 146 129 102 108 65 109 176 74 129 120 8 122 116 141 93 111 109 67 80 82 39 113 172 152 131 28 31 98 35 69 126 114 149 72 96 85 35 129 112 55 49 78 79 87 105 87 90 85 80 86 5 115 46 78 24 122 73 32 78 84 178 61 101 97 99 69 162 105 91 32 174 24 93 80 133 85 116 147 147 158 112 23 22 23 112 
93 147 91 172 72 181 57 109 122 182 162 83 134 187 129 0 121 71 41 38 100 139 51 92 104 100 127 97 84 125 155 110 136 55 101 134 108 102 95 46 192 101 71 61 107 45 91 35 135 120 63 104 139 147 128 133 120 108 175 64 115 126 97 108 144 47 140 63 24 146 115 49 148 154 128 103 76 70 150 106 85 66 174 111 37 59 194 95 81 79 109 51 75 143 28 4 110 160 40 62 
66 23 93 87 137 99 113 161 106 145 96 83 23 114 96 16 149 101 128 155 46 99 147 135 38 30 61 167 186 132 50 172 123 82 114 113 111 52 84 140 63 82 71 41 117 71 155 70 155 104 52 125 120 115 74 121 111 11 104 141 103 23 159 93 136 123 48 138 103 72 33 145 152 105 135 68 41 65 132 96 117 115 140 122 100 91 107 141 65 106 97 124 4 54 40 106 110 93 163 23 
80 71 144 125 179 116 99 40 116 71 24 91 67 141 63 106 180 68 144 84 108 106 153 123 172 118 140 143 160 136 136 79 82 58 113 71 98 163 156 57 97 25 81 123 147 104 178 104 141 113 152 23 113 98 130 84 103 132 77 84 138 127 110 109 40 148 106 98 99 175 133 147 81 55 54 24 140 142 128 92 96 94 114 125 32 69 113 84 113 133 89 55 146 142 163 132 41 70 104 129 
34 140 58 24 109 81 143 97 102 170 118 15 90 114 156 83 169 77 147 68 91 59 86 177 97 51 127 18 167 186 34 108 103 89 16 79 169 47 86 161 114 82 149 59 71 147 121 82 116 108 104 27 42 85 34 133 75 89 159 132 23 71 173 39 64 164 125 121 189 139 159 115 55 73 101 101 172 102 150 99 136 142 160 99 116 83 144 126 101 89 122 162 31 130 82 119 128 120 66 145 
21 102 110 92 71 68 144 123 42 53 66 138 141 82 89 117 76 153 56 81 138 59 162 100 64 86 100 101 60 75 73 87 39 114 85 65 116 95 106 75 124 81 108 39 36 106 135 100 106 87 135 46 130 100 87 85 76 161 48 134 40 4 46 167 83 140 152 82 46 108 77 31 121 22 94 145 180 14 129 65 27 116 147 124 95 75 72 67 181 104 73 69 160 128 30 113 103 24 151 119 
42 100 77 84 147 78 135 127 160 97 186 83 121 161 111 56 168 155 98 93 80 197 123 60 127 82 125 83 85 84 93 126 55 167 77 87 58 122 31 96 51 90 84 159 113 98 53 58 18 115 80 140 17 139 73 151 116 149 103 68 80 109 92 71 150 90 101 162 75 93 168 91 117 82 85 91 48 99 94 106 103 104 35 50 71 90 46 144 112 102 97 109 63 145 163 59 59 182 25 121 
114 43 103 60 76 151 128 113 32 156 96 101 101 113 162 100 41 130 147 142 76 68 141 101 102 135 115 186 170 12 82 59 80 93 34 82 152 86 100 80 129 94 85 129 88 39 89 107 62 58 5 124 104 96 98 174 110 94 104 178 98 49 18 116 166 157 103 104 124 5 98 137 95 94 58 119 107 44 69 68 32 109 101 191 136 74 51 135 122 116 102 93 20 172 147 167 142 60 157 46 
84 57 40 190 159 171 60 146 156 85 103 36 84 91 148 83 119 36 93 63 167 84 166 57 160 107 27 71 132 106 110 107 110 50 123 128 35 162 39 51 83 88 93 125 176 46 191 93 106 35 66 54 65 182 92 138 90 94 64 41 97 177 116 112 111 50 135 18 80 82 158 120 62 81 159 79 74 73 68 130 77 77 106 89 94 152 166 103 34 100 166 157 72 36 3 76 90 89 53 90 
80 80 83 102 83 82 28 72 73 172 91 158 123 88 90 98 187 135 52 104 122 146 80 83 153 177 156 88 87 26 52 68 103 87 151 93 95 126 151 87 94 174 150 156 109 61 71 71 98 107 99 163 122 84 41 128 65 8 93 99 50 119 49 105 104 62 158 83 28 64 108 121 168 80 76 84 85 69 129 160 166 92 117 40 29 155 107 67 92 87 51 94 108 10 95 141 96 87 38 155 
88 149 102 94 121 86 91 7 70 171 62 184 111 65 146 125 126 145 128 87 63 129 151 124 66 39 57 98 97 77 59 104 138 40 82 161 133 162 105 95 55 144 117 71 103 44 73 125 119 118 164 72 93 83 101 39 111 111 139 82 181 147 91 50 115 161 54 115 83 179 66 92 77 36 33 122 123 162 155 106 64 74 85 137 144 75 82 78 58 98 8 52 67 121 43 109 74 76 92 8 
104 81 121 85 63 169 104 69 109 120 12 101 101 87 111 138 125 98 96 88 32 74 6 84 159 121 45 169 152 127 174 16 92 134 122 100 24 176 128 134 123 187 145 159 86 119 107 58 59 27 83 43 118 55 97 31 73 37 86 145 92 86 91 169 68 174 62 123 26 162 48 80 62 27 111 94 86 132 143 143 61 133 148 87 109 23 113 103 31 119 89 58 98 112 144 106 107 106 72 130 
57 84 113 138 45 81 118 94 64 73 103 192 136 93 102 93 120 142 102 52 101 128 130 147 92 164 94 167 128 125 165 47 35 104 128 61 66 128 68 111 117 134 77 133 86 72 68 124 50 76 107 73 89 148 166 77 102 80 116 138 31 70 40 132 119 127 75 86 98 80 48 60 2 129 102 118 90 90 28 130 67 141 42 71 62 74 61 94 117 101 101 164 40 160 142 71 172 164 179 140 
136 62 127 106 91 87 24 50 133 115 65 76 83 132 101 96 168 82 140 98 98 99 66 124 109 86 85 58 89 153 24 78 100 100 77 119 80 166 41 30 120 140 92 117 102 158 130 88 52 98 64 90 86 91 9 160 116 85 180 160 118 90 73 127 107 103 94 71 136 115 40 18 73 109 48 33 68 128 184 155 78 94 95 73 154 51 144 59 130 94 19 121 152 159 64 89 171 33 133 88 
182 61 50 149 100 48 126 21 106 76 185 128 83 121 64 106 135 29 64 130 91 140 81 103 66 36 106 84 103 150 85 113 111 113 154 116 81 145 99 90 109 76 53 126 46 41 79 71 135 115 85 92 121 125 49 65 61 11 25 55 81 24 135 105 101 29 151 99 55 119 97 123 57 173 58 72 109 101 92 89 152 99 142 123 105 143 101 123 106 88 99 134 160 117 156 75 82 105 106 85 
32 186 107 113 38 93 24 87 49 121 185 169 133 120 21 24 153 97 55 108 165 96 98 76 89 42 120 191 17 152 127 114 30 127 130 132 54 142 94 104 116 155 85 126 126 63 83 31 127 92 85 70 167 103 41 124 115 180 142 142 107 111 51 146 113 65 108 175 84 102 96 92 165 32 62 143 133 115 55 170 89 116 147 137 119 131 132 106 51 80 59 62 45 91 139 27 139 56 113 45 
73 27 78 86 95 69 70 71 90 111 61 114 66 158 104 127 65 48 67 30 145 82 68 147 97 114 139 69 171 52 113 125 182 55 106 66 108 18 142 146 57 109 78 171 156 130 59 174 85 52 120 126 41 58 111 132 190 78 109 115 20 155 51 37 108 113 133 168 149 106 49 85 130 85 37 101 124 126 89 31 54 113 56 56 67 75 139 83 118 159 37 108 100 103 106 105 95 153 90 157 
128 137 113 130 33 93 66 61 122 152 82 105 130 109 121 110 61 16 130 45 117 123 118 195 120 50 67 72 104 117 163 67 96 102 94 131 57 144 102 105 92 42 152 51 137 152 111 131 52 101 132 84 52 100 71 113 172 145 100 138 77 88 133 58 78 75 43 73 63 77 86 52 179 107 103 26 120 105 10 172 79 12 181 145 139 40 97 164 71 111 83 111 22 143 8 168 46 106 96 74 
76 147 76 129 63 35 119 123 175 124 68 133 145 19 83 74 84 56 151 119 135 53 7 83 41 122 157 153 137 118 95 150 169 111 5 71 75 109 62 62 0 153 99 130 66 137 64 94 18 41 138 94 141 128 138 92 82 130 123 89 154 30 138 136 127 30 91 151 142 113 101 103 140 143 106 26 153 93 56 44 71 85 67 78 49 88 64 134 27 109 67 132 75 154 96 84 75 60 32 51 
24 148 46 152 124 124 31 100 52 128 100 103 118 105 146 78 144 7 103 125 108 156 62 187 29 139 116 56 81 134 119 138 93 97 112 87 36 59 100 105 168 48 143 98 175 23 74 128 138 89 113 65 111 151 84 85 105 146 35 51 100 139 129 125 106 116 181 158 67 115 127 148 65 100 111 114 112 126 49 151 53 60 167 129 108 102 80 71 31 140 126 32 89 109 22 33 166 79 13 93 
97 133 62 31 145 163 110 113 95 98 137 54 56 82 166 136 54 48 80 74 95 56 93 58 57 87 51 96 42 58 57 77 110 73 157 93 104 92 107 87 110 43 121 90 81 79 114 57 103 105 139 121 132 82 75 71 17 93 107 42 126 93 83 89 165 139 106 126 58 102 33 59 18 126 122 162 123 133 167 54 47 86 105 134 77 89 152 114 187 79 133 100 124 129 110 91 117 142 40 56 
137 62 176 123 56 96 73 135 95 130 93 105 34 157 150 78 133 97 110 80 109 13 154 178 165 51 59 39 60 128 46 83 102 31 64 72 49 115 140 173 173 67 77 141 98 116 73 66 152 94 19 148 91 152 106 24 102 73 126 13 126 51 51 78 121 92 96 133 25 71 82 156 62 130 57 104 139 60 106 109 42 49 111 99 81 104 128 188 147 93 139 175 113 126 159 77 65 85 31 78 
125 177 94 87 50 106 143 153 12 79 120 60 30 147 97 51 67 77 42 60 64 58 132 39 48 79 52 91 72 73 82 72 25 90 59 59 87 92 68 81 134 89 117 40 148 52 79 82 170 58 131 122 165 167 131 43 95 108 68 77 92 105 81 154 123 45 116 28 65 151 42 147 42 88 133 9 143 75 152 89 167 175 76 60 158 77 135 55 83 126 144 72 98 138 14 16 98 120 36 53 
147 91 148 58 166 25 166 122 108 109 129 116 91 160 143 122 155 103 176 70 103 166 43 50 34 118 154 82 74 91 118 18 144 104 97 56 144 61 106 27 101 59 85 88 74 69 140 110 147 89 106 89 102 106 153 110 121 40 58 146 98 101 120 75 128 138 115 73 85 95 116 120 52 49 40 97 102 23 95 158 21 23 69 119 102 32 78 151 68 56 88 104 70 144 136 19 105 25 93 63 
53 94 120 84 27 121 60 196 52 144 98 104 145 77 164 161 75 100 71 138 149 61 61 50 192 41 127 33 148 152 120 40 61 41 12 76 126 60 75 119 88 121 67 130 104 114 167 103 94 111 56 53 31 73 49 113 187 98 42 104 162 133 97 81 98 121 81 85 120 105 97 144 152 51 123 26 135 120 75 90 131 152 32 76 101 92 141 110 175 38 94 68 124 123 117 106 79 64 101 102 
107 20 98 146 166 68 106 74 43 87 75 112 70 111 136 126 46 75 110 148 123 133 96 128 67 106 74 87 59 62 72 113 4 145 118 123 167 77 54 87 102 76 129 116 132 141 124 171 145 137 49 41 117 101 59 152 42 73 55 155 75 129 8 70 117 82 45 119 102 125 157 66 129 89 123 94 194 138 42 79 87 111 134 122 66 31 165 97 102 80 78 121 72 74 90 67 55 149 117 110 
169 34 121 108 141 74 147 73 39 106 152 17 56 147 159 25 81 136 53 97 159 148 65 70 136 99 99 115 55 126 119 106 118 145 100 155 41 30 98 35 137 152 68 135 176 144 128 147 35 23 98 78 67 114 153 64 161 127 49 164 99 177 78 126 103 94 36 66 75 96 39 168 194 122 15 40 171 127 183 67 138 86 81 122 94 132 65 48 110 74 93 75 129 109 49 131 74 159 147 118 
11 15 54 46 105 44 43 112 118 72 58 106 57 178 105 84 31 66 9 116 106 122 82 58 108 173 170 186 124 108 169 145 12 117 119 58 88 102 152 119 52 81 101 14 94 22 107 114 120 119 106 80 172 52 74 59 63 150 16 80 143 81 74 184 71 118 141 52 87 141 125 117 98 84 132 94 71 96 60 59 58 79 61 73 65 92 104 67 151 49 119 42 130 93 55 47 105 94 56 37 
63 172 102 51 157 53 70 12 52 86 118 85 116 178 156 121 49 89 69 125 177 91 84 187 20 156 67 51 134 89 145 128 135 93 143 61 85 92 104 53 111 128 29 41 67 83 101 85 145 63 109 44 85 174 143 6 126 129 67 92 179 132 80 71 142 102 138 116 106 84 110 116 117 139 11 131 72 48 78 78 83 100 102 93 85 128 129 71 100 130 67 148 63 61 109 70 101 125 145 76 
88 113 20 97 141 142 140 123 111 12 111 123 130 157 178 147 178 132 91 138 111 162 131 61 76 105 57 94 56 58 111 90 71 111 77 122 133 74 35 107 102 103 85 101 121 54 146 86 64 15 105 141 45 127 79 165 64 129 103 90 119 73 55 103 137 90 110 95 107 10 166 91 21 170 19 92 48 100 168 10 113 101 64 139 66 91 119 87 155 92 135 35 66 101 147 121 145 61 89 33 
97 172 135 73 84 92 115 98 75 94 75 44 117 130 60 56 93 103 87 54 156 150 93 103 148 128 57 68 52 141 62 88 148 121 76 50 40 100 41 37 108 139 93 56 91 151 120 97 111 20 99 163 76 124 110 107 81 81 44 83 123 120 148 149 63 93 178 139 27 156 78 30 105 159 87 39 158 106 148 144 110 66 58 107 104 74 147 157 88 142 80 6 104 36 59 171 59 159 91 14 
101 91 78 30 134 79 118 125 5 91 109 79 119 108 72 65 109 33 160 110 89 150 86 138 76 41 157 24 104 169 83 108 94 87 48 88 21 94 64 161 81 83 123 120 151 77 156 161 118 84 67 186 106 108 69 101 28 189 49 119 128 20 56 112 97 54 127 136 99 100 114 111 20 16 118 155 117 122 113 78 120 78 96 125 74 150 58 87 105 68 62 73 105 94 178 162 102 23 77 73 
88 111 173 102 132 147 71 93 70 47 85 94 148 117 78 85 196 56 96 92 67 62 65 195 63 5 94 87 117 147 180 158 98 118 59 59 50 122 65 123 138 78 83 102 103 93 75 125 174 113 107 189 12 142 150 126 123 154 78 121 83 120 139 158 133 107 146 193 24 6 107 83 72 122 40 168 131 31 60 108 98 132 114 115 181 106 154 128 148 63 121 105 64 97 64 127 174 77 125 135 
55 126 121 176 127 108 144 138 52 169 99 86 65 121 119 113 37 100 81 72 74 174 95 188 102 115 73 171 42 36 56 187 70 72 98 123 115 93 91 182 56 84 86 159 136 117 48 53 98 145 95 106 98 141 164 88 112 97 110 90 74 102 107 66 150 48 79 115 157 111 126 127 52 96 73 86 140 62 34 81 62 102 118 79 82 109 93 84 155 80 168 117 78 171 170 127 79 124 150 103 
36 70 104 134 178 42 141 69 59 145 69 138 84 76 126 92 141 97 141 64 123 105 73 139 137 110 104 37 118 182 131 60 42 108 160 142 166 112 92 91 23 58 52 84 112 149 54 7 164 41 152 144 35 113 25 165 169 154 75 161 158 128 50 79 169 166 79 155 119 54 133 54 170 125 92 153 116 165 112 60 117 93 99 40 52 98 141 124 138 67 138 62 139 78 108 163 129 105 106 48 
50 94 121 158 129 46 161 112 87 51 83 92 168 178 156 107 150 57 132 132 138 91 63 72 69 83 35 163 88 83 104 164 43 102 90 151 173 72 125 120 94 148 99 111 76 105 85 106 151 176 110 61 23 89 166 81 65 120 128 86 152 34 160 141 111 115 63 164 123 124 29 108 191 185 33 139 161 32 72 120 36 141 111 88 131 58 85 160 108 164 135 97 109 78 194 136 137 76 94 35 
117 48 146 158 113 122 104 125 169 86 75 31 146 54 139 82 145 92 81 151 148 82 89 146 92 69 69 61 116 51 161 57 179 123 166 133 100 50 146 62 121 130 31 88 94 76 88 179 65 141 46 104 74 50 48 49 14 25 43 106 91 54 89 167 98 153 34 127 53 64 54 125 100 93 146 136 139 68 133 150 118 90 83 107 127 115 61 42 33 70 176 147 102 53 178 167 140 50 88 88 
89 101 136 115 39 30 84 98 89 24 100 144 136 85 95 84 97 117 77 113 118 99 146 165 112 56 87 84 105 186 89 130 99 74 111 25 66 11 65 172 71 105 59 151 37 131 43 74 138 90 92 109 166 150 139 118 188 176 124 57 106 86 126 36 117 183 40 51 164 151 35 123 129 103 153 110 81 63 147 137 64 81 114 149 115 88 89 89 99 115 164 72 97 92 146 88 148 100 119 136 
76 113 71 141 15 41 141 76 78 131 183 107 181 9 165 147 71 26 10 99 150 49 4 179 163 139 104 102 36 72 82 56 149 84 93 79 159 31 99 67 90 67 131 101 97 10 159 131 53 43 67 97 62 108 36 99 164 100 89 98 184 66 182 72 118 82 95 119 139 95 84 101 67 78 101 114 110 64 105 123 168 64 94 35 41 92 137 84 159 178 99 59 141 129 95 106 146 52 63 53 
177 145 42 143 90 50 85 148 50 59 14 12 160 143 132 31 113 60 155 133 173 149 107 125 77 189 39 66 121 141 65 138 162 81 73 164 88 108 103 28 93 130 85 178 119 153 83 123 96 110 92 153 83 76 117 108 146 113 112 63 150 166 59 63 117 104 37 127 64 101 33 23 98 137 131 40 53 83 8 85 157 79 10 88 64 54 104 48 120 110 159 39 110 58 99 64 112 97 76 76 
108 110 27 119 54 90 131 133 149 132 62 73 76 88 43 101 154 78 137 29 100 57 108 88 116 143 64 63 100 131 116 39 74 91 112 48 110 139 69 135 84 191 113 76 64 106 119 28 98 134 119 121 59 100 164 104 141 113 112 109 73 138 93 131 49 174 111 47 91 84 139 165 137 106 131 72 86 116 68 88 101 128 79 104 133 55 119 107 113 85 35 63 177 103 92 124 151 145 135 139 
104 181 156 137 51 36 56 78 53 108 137 89 147 158 137 68 178 165 109 110 78 27 80 86 80 145 116 122 116 166 109 112 97 121 127 16 23 75 160 157 82 99 90 129 185 55 123 117 146 88 47 171 110 43 55 103 90 107 69 82 191 130 118 121 96 54 141 118 134 87 149 116 99 81 113 59 182 67 136 41 73 110 74 77 61 167 95 114 79 64 193 56 160 9 47 75 100 53 164 170 
64 114 44 102 120 98 92 137 85 72 61 147 101 123 116 119 77 130 145 52 88 115 87 184 110 112 77 150 76 97 121 132 147 167 88 53 98 65 75 65 73 50 126 137 59 74 179 41 65 68 38 133 137 57 106 149 83 139 182 92 129 21 124 160 71 114 106 43 143 130 164 161 153 143 98 76 158 116 159 104 143 96 75 142 56 113 58 127 93 96 129 76 49 92 131 65 152 73 152 55 
124 170 122 112 68 138 168 93 37 104 64 142 96 58 58 141 54 132 122 92 74 117 98 43 100 59 78 87 191 35 165 114 54 188 182 50 104 141 108 83 97 61 98 46 111 102 45 26 140 42 85 165 154 154 99 33 88 71 100 90 36 24 85 140 113 82 67 134 124 97 163 132 142 126 112 101 94 100 138 165 77 164 155 119 82 104 53 115 32 82 91 103 164 99 50 106 132 100 96 129 
69 84 180 74 121 143 138 113 50 169 148 110 43 36 149 179 155 101 97 86 76 131 99 123 40 60 107 61 94 81 21 169 128 136 145 173 156 42 81 139 173 115 113 89 101 126 146 67 104 150 35 145 100 64 21 158 113 125 8 58 65 110 49 129 99 111 132 118 20 129 28 80 134 112 6 123 119 123 126 123 97 119 78 10 145 20 56 58 97 101 58 146 111 184 125 161 62 117 95 82 
117 133 86 84 119 110 50 103 58 86 38 68 117 133 160 140 3 122 81 120 67 30 106 59 57 70 156 101 123 99 16 92 109 86 74 165 59 81 104 84 41 156 104 89 128 91 131 158 105 124 57 107 138 121 61 114 114 68 142 67 102 127 92 52 59 55 131 25 104 96 94 104 129 171 37 142 147 105 99 95 64 38 54 55 107 76 144 66 166 159 149 109 128 120 71 140 145 145 144 52 
58 116 102 151 86 131 68 90 100 87 83 149 167 140 78 154 178 144 83 138 76 96 156 91 130 165 121 98 76 134 113 118 112 58 153 93 115 105 117 118 113 165 105 153 74 55 167 143 75 161 103 85 80 91 81 69 123 72 84 130 79 104 167 160 25 85 146 51 26 113 56 53 118 46 80 170 129 144 93 100 67 163 151 156 89 96 91 111 129 167 155 173 49 20 153 87 71 64 105 29 
70 153 70 140 114 99 116 131 141 116 129 42 38 114 111 100 147 32 102 88 94 56 36 32 89 105 35 89 70 171 130 169 173 82 62 56 72 67 166 95 72 138 67 108 95 57 75 74 62 149 136 109 30 25 138 118 97 105 140 87 55 185 195 60 99 116 88 44 55 83 106 90 61 156 145 103 153 73 161 123 72 113 80 106 38 71 93 93 134 152 149 148 57 103 122 129 95 71 54 56 
162 23 119 146 194 68 92 147 112 79 69 18 152 117 151 170 32 167 134 114 110 101 90 93 120 77 21 128 102 54 142 82 133 58 69 69 163 170 126 103 121 104 66 54 86 149 31 80 39 94 97 142 92 93 89 81 104 79 105 80 135 73 156 132 92 126 67 136 84 43 129 184 68 193 122 112 108 138 113 30 54 67 58 29 121 102 142 148 31 60 73 87 73 116 54 30 110 162 117 109 
117 95 61 91 130 72 76 153 52 168 87 84 57 82 121 93 126 64 104 129 147 120 45 68 145 41 122 117 75 63 130 94 155 47 120 99 109 126 79 119 59 31 107 136 156 30 149 138 101 122 83 106 95 91 88 88 106 98 98 92 62 82 162 19 151 161 65 93 58 133 170 117 88 137 25 70 109 46 104 99 136 116 143 60 99 116 126 96 67 87 76 111 123 28 136 21 101 76 70 25 
83 99 126 122 97 48 87 57 88 185 142 70 68 164 92 12 96 145 163 96 71 129 143 29 54 130 123 113 90 118 175 59 98 63 61 134 61 111 178 71 33 114 94 105 174 93 148 124 101 94 102 94 71 76 128 63 45 64 87 60 125 123 182 174 88 122 38 115 86 148 106 51 83 72 134 111 102 77 117 23 137 136 139 152 21 97 104 29 125 31 98 61 73 132 74 128 56 122 82 79 
